q2
4.0   8.0      21      17.0      13.2      10.6      0.628      0.643      0.596      0.268    -0.5      -3.4      0.2      5.6      -1.8      9.3      1.7      -7.4      -0.2      1.4      2.7      0.87    0.05 
8.0   16.0      9.8      14.8      12.5     7.9      0.646      0.588      0.272       0       -1.4      -3.0      0.3      4.6      -2.2      7.6      1.6        4.3      1.0      0.5      1.8      0.88    0.05 
16.0   32.0      2.9      20.2     17.3     10.5      0.605      0.256       0        0        0.9      -5.0      -0.2      -5.3      -2.3      11.3      2.0      6.4      -0.9      1.3      2.1      0.89    0.03 
32.0   60.0      1.2      20.1     18.1     8.9      0.221       0           0        0        1.0      -1.6      0.1      -5.7      -0.9      -12.2      2.1      5.9      0.7      1.4      1.1       0.89    0.02 
60.0   110.0      0.3     31.6     30.6     8.2       0          0          0        0         0.6      -3.1      0.0      4.2      -2.5        2.5      1.4      5.3      -1.4      0.3      1.2       0.89    0.02 


y
0.05   0.18      419      24.6      20.4      13.7     0.506      0.427     0.366     0.224    7.0      -3.0      -0.1      5.9      -2.3      6.2      0.4      7.8      4.7      -0.2      2.9      0.83    0.02 
0.18   0.31      696      13.8      11.3      8.0      0.557      0.579     0.449      0       0.6      -1.5      0.1      -4.6      -1.3      8.6      1.4      5.3      2.4      0.1      1.4      0.86    0.04 
0.31   0.44      370      17.8      15.2      9.3      0.439      0.335      0        0       -2.8      1.6      0.1      6.8      -0.7      5.5      2.0      5.2      2.4      -0.2      1.1      0.90    0.04 
0.44   0.57      279      18.6      16.3      9.1      0.366       0        0        0       2.5      -2.4      0.2      -6.4      3.6      -11.4      2.0      3.1      -0.6      -0.6      1.2      0.97    0.06 
0.57   0.70      122      39.7      38.4      10.0       0        0        0        0       -6.3      -1.1      0.1      -5.7      -0.8      18.9      2.9      -2.4      2.5      -0.1      1.7      0.98    0.10 


logxpom
-2.3   -1.9      32      57.0      49.5      28.2      -0.240      0.179      0.161      0.056      5.9      3.3      24.0      6.2      13.3      -5.9      1.7      -18.9      0.9      -0.7      0.4      0.96    0.06 
-1.9   -1.6      93      20.2      17.6      10.0      0.136      -0.027      -0.047       0       1.3      -1.1      -8.4      -6.0      -0.6      -5.4      -0.6      5.0      0.4      0.7      2.0      0.91    0.01 
-1.6   -1.4      200      15.9      12.8      9.5      0.579      0.334       0           0        1.1      -1.9      -3.8      6.0      -1.2      0.4      0.1      5.5      -0.4      0.2      1.8      0.89    0.03 
-1.4   -1.2      344      13.9      11.0      8.6      0.709       0          0           0        0.4      -1.7      -4.3      -4.9      -2.5      4.4      -0.7      4.2      -0.2      0.2      1.9      0.87    0.05 
-1.2   -1.0      488      18.8      16.5      9.0       0          0          0           0       -0.3      -2.1      -5.6      -4.4      -0.8      5.8      -1.7      3.8      0.7      0.1      2.6      0.87    0.06 



zpom
0.0   0.2      719      14.7      12.0      8.5      0.601      0.127   0 0    -1.5      -2.4      5.6      -4.5      2.3      -8.4      0.2      -1.5      0.7      0.6      1.9      0.88    0.08 
0.2   0.5      266      16.5      12.9      10.3      0.336       0     0 0   -1.4      -1.6      2.0      6.7      1.9      10.1      1.6      6.3      2.3      0.1      1.4      0.88    0.03  
0.5   1.0      80      22.3      17.8      13.4       0           0     0 0   -3.2      -1.8      6.4      4.7      5.0      4.2      -1.5      8.3      2.1      0.0      0.5     0.90    0.05  



ptjet1
5.0   6.5      91      17.6      15.3      8.6      0.402     0.180  0 0   1.7     -3.2      0.2      -5.4      2.4      -6.8      2.1      -2.2      3.5      -0.5      2.2      0.81    0.04 
6.5   8.5      44      17.0      13.2      10.8     0.395     0      0 0  -0.7      0.6      -0.3      6.6      3.2      9.6      1.6      7.3      2.1      0.2      0.7      0.96    0.05  
8.5   12.0      7.3    39.1      33.0      20.9     0         0      0 0   3.2     -5.8      -2.0      1.7      4.0      13.9      2.4      19.4      -0.5      0.1      0.5     0.99    0.04  


deltaetaStar
0.0   0.6      118     16.1    13.2      9.2      0.682    0.276   -0.479  0  -0.6     -2.3      0.1     -5.7     -1.6     -14.9      1.8      5.7      1.9      -0.3      1.5      0.88    0.04 
0.6   1.2      157     14.2    11.5      8.3      0.343   -0.342     0     0   1.2     -1.7      0.0      5.0      2.8     -8.7      1.6      4.8      2.0      -0.1      1.3      0.89    0.04 
1.2   1.8      97      19.8    17.4      9.4      0.089     0        0     0   1.1     -2.3      0.1     -4.8     -2.1      2.2      1.7      6.1      -2.6      0.0      1.7     0.90    0.04  
1.8   3.0      26      33.3    31.8      9.8       0        0        0     0   2.0      2.8      0.3     -5.1     -0.7     -32.9      0.5      4.3      4.7      0.6      3.1      0.84    0.02 


t
 0.1   0.3      483      17.3       9.3      14.6      0.495      0.420   0 0    -0.5      -1.5      -0.3      10.3     3.8      12.8      1.9      9.2      1.0      0.3      0.6    
 0.3   0.5      151      16.6      12.5      11.0      0.288       0     0 0     0.5      1.9      -0.1      -4.6      3.1      8.6       1.6      9.0      0.6      -0.3      0.8    
 0.5   0.7       44      29.5      25.9      14.0       0          0     0 0     2.3      -1.8      1.1      -3.6      10.4     -11.4    -1.0     -8.0      0.0      0.2      1.0    



