q2
 4     6    8.20    13.2     5.7     11.9    1.0     4.5     -3.9    2.1     1.1    2.8     -5.0    1.9     0.7    1.2     -0.9    0.1    1.05    0.05    1.05  
 6    10    4.23    11.8     4.0     11.0    2.6     1.7     -5.0    -0.5     0.5    -0.5     -3.1    -3.2     -1.6    1.6     -1.5    0.3    1.05    0.04    1.03  
 10   18    1.92    11.4     4.0     10.7    1.0     1.9     -4.6    -0.9     0.6    -0.8     -3.1    -3.1     -1.5    1.7     -0.9    0.4    1.05    0.04    1.03  
 18   34    0.797    11.6     4.8     10.5    1.1     2.1     -5.1    0.1     0.6    -0.1     -2.9    -2.5     -1.3    1.4     -0.6    0.2    1.06    0.04    1.03  
 34  100    0.164    12.3     6.2     10.6    0.9     2.3     -5.0    -0.2     0.5    -0.6     -2.7    -2.9     -1.5    1.6     -0.8    0.1    1.06    0.04    1.03  
corr
 4      6     1    100   -5     5    0     0
 6     10     2    0    100     1     1    0
 10    18     3    0     0    100     -2   1 
 18    34     4    0     0     0    100    8 
 34   100     5    0     0     0     0    100 



y
 0.10    0.22    113    18.4     6.5     17.2    2.1     0.2     -8.7    -3.6     -0.2    -4.2     -3.5    -8.9     -3.6    3.9     -1.5    0.6    1.01    0.06    1.07  
 0.22    0.34    163    12.7     4.5     11.9    2.0     1.1     -5.9    -2.0     0.5    -1.5     -3.2    -4.1     -2.1    1.4     -0.9    0.6    1.02    0.04    1.05  
 0.34    0.46    144    11.2     4.3     10.4    1.6     2.8     -4.2    -0.4     0.8    -0.1     -3.1    -2.3     -1.3    1.0     -1.1    0.3    1.06    0.04    1.04  
 0.46    0.58    106    11.2     5.0     10.0    1.2     3.2     -3.2    0.7     0.8    0.9     -3.1    -1.0     -0.6    1.9     -0.3    0.4    1.13    0.03    1.02  
 0.58    0.70    76.5    12.4     7.0     10.2    0.7     4.3     -2.3    1.0     0.6    1.6     -3.3    0.3     0.4    1.2     -1.5    0.2    1.17    0.02    0.97  
corr
 0.1   0.2     1    100     -7     8      5     4 
 0.2   0.3     2    0      100     -6     8     4 
 0.3   0.5     3    0       0    100     -4     7 
 0.5   0.6     4    0       0     0    100     -10 
 0.6   0.7     5    0       0     0      0    100 



logxpom
 -2.30    -2.10    14.2    42.0     36.2     21.1    1.8     3.9     -9.3    -2.7     4.0    -3.7     -5.8    -11.4     -4.7    7.6     -1.2    0.7    1.17    0.13    1.06  
 -2.10    -1.90    53.5    14.7     8.9     11.7    1.6     2.4     -5.6    -0.6     1.2    -0.8     -3.2    -3.7     -1.8    2.3     -1.4    0.0    1.10    0.08    1.04  
 -1.90    -1.70    111    11.6     5.5     10.2    1.5     1.3     -4.5    -1.1     0.1    -0.2     -3.5    -1.5     -1.0    1.4     -1.1    0.0    1.06    0.04    1.04  
 -1.70    -1.52    196    10.9     4.9     9.8    1.3     2.5     -3.6    -1.0     -0.5    0.5     -3.4    -0.0     -0.3    -0.5     -0.5    0.8    1.03    0.03    1.03  
corr
 -2.30   -2.10     1    100    -55    17     -2   
 -2.10   -1.90     2    0     100    -41     11   
 -1.90   -1.70     3    0      0     100     -31   
 -1.70   -1.52     4    0      0      0    100   



zpom
 0.00    0.22    70.4    20.3     9.3     18.0    1.4     3.4     -4.0    1.2     -0.5    4.6     -2.4    12.0     4.1    6.5     -0.5    0.8    1.10    0.03    1.06  
 0.22    0.40    132    11.9     6.3     10.1    1.5     3.0     -1.2    -0.9     0.3    -0.1     -3.9    -2.3     -2.2    1.0     -0.9    0.4    1.07    0.02    1.04  
 0.40    0.60    89.7    14.9     6.8     13.3    1.2     1.6     -9.1    -1.3     0.8    -1.2     -2.8    -3.9     -1.4    0.5     -0.6    0.3    1.10    0.03    1.02  
 0.60    0.80    54.8    14.9     7.5     12.9    2.5     1.9     7.6    -1.4     0.9    -1.2     -3.2    -4.2     -1.4    0.2     -2.0    0.1    1.10    0.10    1.02  
 0.80    1.00    19.9    45.0     11.4     43.5    0.8     0.6     -42.1    -1.9     1.3    -2.4     -2.5    -5.1     -2.0    3.0     -1.5    0.6    0.57    0.10    1.00  
corr
 0.0   0.2     1    100   -24      8      1       0
 0.2   0.4     2    0     100     -31     10     -2 
 0.4   0.6     3    0       0    100     -45     17 
 0.6   0.8     4    0       0     0      100     -52 
 0.8   1.0     5    0       0     0      0       100 




ptjet1
 5.50    7.00    30.8    9.6     3.2     9.0    1.4     1.4     -3.1    -0.9     0.5    -0.6     -1.3    -1.7     -0.9    0.6     -0.8    0.1    1.05    0.05    1.03  
 7.00    9.00    10.5    11.8     6.1     10.0    1.3     3.0     -4.6    -0.6     0.8    -0.4     -1.4    -1.5     -0.9    1.2     -1.0    0.7    1.06    0.04    1.04  
 9.00    15.00    1.07    19.6     12.7     14.9    1.3     2.3     -9.8    -0.1     1.0    -0.1     -4.2    -2.7     -1.1    5.3     -1.5    0.7    1.04    0.03    1.06  
corr
 5.5    7.0    1    100    -26     1  
 7.0    9.0    2    0      100     -54  
 9.0   15.0    3    0       0      100  



ptjet2
 4.00    6.50    22.3    10.4     3.7     9.7    1.5     2.3     -3.8    -1.0     0.7    -0.8     -1.2    -2.0     -1.2    1.2     -0.8    0.1    1.10    0.06    1.03  
 6.50    9.00    5.67    12.2     6.9     10.1    1.2     2.0     -4.9    -0.6     0.6    -0.2     -2.6    -1.3     -0.5    1.2     -1.0    0.6    0.97    0.02    1.04  
 9.00    15.00    0.539    18.2     12.3     13.4    1.1     1.5     -7.8    0.5     0.6    0.8     -6.2    -2.4     -0.9    2.8     -1.3    0.1    0.97    0.02    1.06  
corr
 4.0   6.5     1    100    -36     13  
 6.5   9.0     2    0      100    -46  
 9.0   15.0    3    0        0    100  



ptavg
 4.75    6.50    27.6    9.9     3.5     9.3    1.5     2.0     -3.3    -1.1     0.5    -0.8     -1.0    -1.9     -1.0    0.8     -0.8    0.1    1.09    0.06    1.03  
 6.50    9.00    8.52    11.3     5.2     10.0    1.4     2.4     -5.0    -0.4     0.8    -0.1     -1.7    -0.8     -0.4    1.5     -1.1    0.5    1.01    0.03    1.04   
 9.00    15.00    0.701    19.7     13.4     14.4    0.7     1.2     -9.2    -0.3     0.7    -0.2     -5.4    -3.5     -1.3    3.8     -0.9    0.5    1.01    0.03    1.06  
corr
 4.75    6.50     1    100     -33     12  
 6.50    9.00     2    0        100     -49  
 9.00   15.00     3    0        0    100  



deltaetaStar
 0.00    0.15    51.6    17.9     9.5     15.1    1.6     2.8     -4.4    -1.0     1.0    -0.8     -3.8    -2.3     -1.4    10.6     -1.2    0.1    1.04    0.03    1.03  
 0.15    0.40    57.8    14.1     7.3     12.1    1.2     1.0     -5.1    -0.9     0.9    -0.7     -3.0    -2.1     -1.5    6.2     -1.1    0.2    1.05    0.03    1.04  
 0.40    0.80    45.1    12.5     5.7     11.1    1.9     2.5     -4.3    -0.9     0.8    -0.5     -3.8    -2.2     -1.2    3.2     -1.3    0.5    1.06    0.04    1.04  
 0.80    1.30    33.9    12.3     5.5     10.9    1.7     2.4     -4.7    -1.0     0.5    -0.3     -3.7    -2.4     -1.0    -2.5     -0.6    0.3    1.07    0.05    1.03  
 1.30    3.00    9.29    15.0     6.7     13.4    1.2     3.4     -5.3    -1.0     0.2    -0.0     -2.8    -3.4     -1.2    -7.4     -1.1    0.3    1.04    0.06    1.03  
corr
 0.00   0.15     1    100   -49     13     1     2 
 0.15   0.40     2    0    100     -29     9     1 
 0.40   0.80     3    0     0      100     -19    7 
 0.80   1.30     4    0     0       0     100    -20 
 1.30   3.00     5    0     0       0      0    100 

