
zpom
0.1 0.4      59     5     5    10      1.00    0.03
0.4 0.6      34     4     3     8      0.97    0.02
0.6 0.8      16     3     2     4      0.95    0.02
0.8 1.0       5.2   1.2   0.6   2.0    1.0     0.2 


logxpom
-2.3 -1.9     20.3    2.6   1.5   4.3   1.01    0.02
-1.9 -1.7     43      5     3     7     0.99    0.01
-1.7 -1.5     62      7     8    13     0.98    0.04

w
165 185      0.45     0.06     0.04     0.10     0.95    0.03
185 205      0.40     0.05     0.03     0.08     1.00    0.03
205 225      0.37     0.05     0.03     0.07     1.00    0.02
225 242      0.33     0.05     0.04     0.07     1.03    0.02

q2
4   6     3.4      0.5      0.2      0.7      0.97     0.02
6   8     2.4      0.4      0.2      0.5      0.99     0.02
8  12     0.83     0.17     0.08     0.21     0.98     0.02
12 20     0.63     0.10     0.06     0.14     1.01     0.06
20 30     0.47     0.08     0.06     0.12     0.96     0.03
30 40     0.18     0.05     0.02     0.06     1.03     0.05
40 80     0.081    0.021    0.009    0.026    1.03     0.02


ptjet1
5 7      9.3     0.8     0.6     1.5     1.03     0.01  
7 9      4.1     0.5     0.4     0.9     0.96     0.01  
9 11     1.0     0.2     0.2     0.4     0.91     0.09  


meaneta
-0.7   -0.4      21     3     2     5     0.97    0.06  
-0.4   -0.1      29     4     3     6     1.06    0.03  
-0.1    0.2      21     3     2     5     1.03    0.02  


deltaetaStar
0      0.5    30     3       2      5     0.96     0.04  
0.5    1      15     2       2      3     1.06     0.05  
1      2       5.9   0.8     0.5    1.3   1.01     0.06  
