
q2
5   8   7.4    0.3    +0.3    -0.5      +0.5   -0.5     0.1               1.04719640806102
8  12   4.2    0.2    +0.2    -0.3      +0.3   -0.3     0.1               1.0365772162473
12 17   2.6    0.1    +0.2    -0.2      +0.2   -0.2     0.2               1.0365772162473
17 25   1.38   0.06   +0.09   -0.13    +0.08   -0.08    0.06              1.02595802443358
25 35   0.94   0.04   +0.07   -0.07    +0.06   -0.05    0.06              1.01533883261986
35 50   0.53   0.03   +0.02   -0.03    +0.03   -0.03    0.01              1.01533883261986
50 70   0.27   0.02   +0.02   -0.01    +0.01   -0.01    0.02              1.02595802443358
70 100  0.116  0.008  +0.018  -0.003   +0.005  -0.005   0.018             1.0365772162473




w
100   125   0.26    0.01   +0.03  -0.03   +0.01   -0.01   0.01       1.0365772162473
125   150   0.41    0.02   +0.04  -0.03   +0.02   -0.03   0.03       1.0365772162473
150   175   0.67    0.03   +0.04  -0.06   +0.04   -0.04   0.03       1.02595802443358
175   200   0.68    0.02   +0.03  -0.04   +0.05   -0.04   0.01       1.0365772162473
200   225   0.77    0.03   +0.06  -0.03   +0.05   -0.05   0.05       1.02595802443358
225   250   0.82    0.03   +0.03  -0.06   +0.05   -0.05   0.02       1.05781559987474





mx
9    14    1.31    0.07    +0.02  -0.08   +0.05   -0.06  -0.03        1.34287935901531
14   20    4.3     0.1     +0.2    -0.2   +0.2    -0.2    0.1         1.0658158521947
20   26    4.5     0.1     +0.2    -0.4   +0.2    -0.2    0.0         1.00849236802491
26   32    3.1     0.1     +0.2    -0.3   +0.3    -0.2   -0.1         0.989384539968319
32   42    1.13    0.05    +0.08  -0.06   +0.12   -0.09   0.07        0.979830625940022





beta
0.0032   0.0063    1220     102       +30    -75        +148   -135   -69           0.971707317073156
0.0063   0.0126    2124      94      +153   -221        +196   -177   -11           0.992926829268278
0.0126   0.0251    1736      62      +108   -133        +112   -109    46           1.02475609756096
0.0251   0.0501     923      32       +40    -83         +55    -50     3           1.05658536585364
0.0501   0.1000     324      12        +9    -18         +14    -17     3           1.05658536585364
0.1000   0.1995      81.8    3.8       +4.3   -2.7        +3.5   -4.1   4.1         1.0671951219512
0.1995   0.3981       9.7    0.8       +0.5   -0.5        +0.5   -0.6   0.4         1.18390243902438






xpom
0.0025    0.0050     4.6        0.3         +0.2  -0.3     +0.2   -0.2      -0.1       1.33391458703146
0.0050    0.0079    17.4        0.9         +0.2  -0.2     +0.8   -0.9       0.0       1.18524590163938
0.0079    0.0126    36.9        1.3         +0.6  -1.7     +1.7   -1.9       0.4       1.0896731753159
0.0126    0.0199    57.8        1.7         +1.9  -4.7     +3.2   -3.2       0.2       1.02595802443358
0.0199    0.0300    77.3        2.6         +6.3  -6.2     +6.6   -5.7       4.9       0.9834812571787




ptJ
4      5.5   51.7     1.4     +3.3   -3.7      +2.6   -2.9      2.9          1.0141463414634
5.5    7.5   39.8     1.1     +2.6   -2.8      +2.2   -2.0      1.8          1.0141463414634
7.5    9.5   9.7      0.3     +0.7   -0.9      +0.8   -0.9      0.2          1.14146341463413
9.5   11.5   2.3      0.1     +0.1   -0.1      +0.3   -0.2      0.1          1.2051219512195
11.5  13.5   0.65     0.06    +0.03  -0.01     +0.08  -0.11     0.03         1.21573170731706
13.5  16     0.11     0.02    +0.02  -0.02     +0.01  -0.03     0.00         1.35365853658535






etaJ
-3.5  -3.0   56.6     1.9    +2.5  -3.8     +7.8  -7.6    1.6        0.812560975609741
-3.0  -2.5   98.8     2.9    +3.6  -6.2     +7.2  -7.1    1.8        0.971707317073156
-2.5  -2.0   89.6     2.6    +5.7  -6.0     +5.1  -4.9    4.8        1.08841463414633
-2.0  -1.5   66.1     2.1    +4.1  -4.2     +3.7  -4.1    3.4        1.17329268292681
-1.5  -1.0   35.2     1.3    +3.3  -2.6     +2.7  -2.0    3.0        1.2581707317073
-1.0  -0.5   13.2     0.7    +1.4  -1.3     +1.3  -1.3    1.1        1.33243902439023
-0.5   0.0    2.1     0.2    +0.4  -0.5     +0.4  -0.3   -0.2        1.09902439024389







zpom
0      0.125      24.5    2.0    +0.9    -2.3       +3.5   -2.0    -1.9      0.912953227741943
0.125   0.25     134.6    5.4    +8.8   -13.8      +12.3  -10.8     0.7      0.941614969826834
0.25   0.375     155.1    5.7    +9.6   -12.5      +10.1   -9.8     5.2      0.960722797883428
0.375    0.5     133.7    5.1    +8.3   -10.2       +6.1   -8.1     5.7      1.00849236802491
0.5    0.625     100.6    4.2    +5.8    -7.8       +5.2   -5.4     2.4      1.10403150830788
0.625   0.75      80.4    3.6    +1.3    -2.8       +3.8   -3.8     0.5      1.18046282053426
0.75   0.875      55.5    2.8    +1.7    -3.1       +2.8   -2.8    -1.5      1.27600196081723
0.875      1      31.5    2.1    +3.1    -4.0       +2.2   -1.5    -1.3      1.56261938166614





xgamma
0     0.25    5.3      0.6     +0.8    -0.5        +0.6    -0.2   0.7      1.19957064859085
0.25  0.5    25.0      1.3     +2.8    -1.5        +1.5    -2.2   2.6      1.0467080241381
0.5   0.75   87.4      3.1     +4.5    -5.7        +7.8    -8.2   3.5      1.66771243597741
0.75   1    240.5      6.7    +11.0   -17.2       +12.4   -11.7   5.9      0.92250714177024





