zpom
0       0.2    1    32.1    20.9        16.6        1.084    0.916
0.2     0.4    2    59.8    12.4    -17     10.6    74     1.054    1.012
0.4     0.6    3    48.0    14.9    -4  -18     9.9    33  79     0.996    1.017
0.6     0.8    4    13.9    39.0    4  1  -37     16.6    -12  28  17     0.910    1.028


xpom
0.01     0.014    1    2250    14.3        20.1        1.058    0.998
0.014     0.019    2    2210    12.8    -14     14.4    -33     1.014    1.003
0.019     0.024    3    2290    12.5    4  -18     12.0    25  41     1.006    0.997


y
0.2     0.32    1    76    15.7        13.4        0.992    1.060
0.32     0.44    2    69.7    14.1    -12     11.7    86     1.002    0.975
0.44     0.56    3    65.4    14.7    0  -12     10.7    63  73     1.056    0.992
0.56     0.7    4    38.6    21.4    -1  1  -17     10.4    39  59  59     1.084    0.948


q2
4     5    1    4.83    23.8        14.7        1.020    0.982
5     7    2    2.55    21.3    -17     15.3    36     1.020    1.002
7     11    3    1.66    16.1    3  -11     12.1    80  63     1.028    0.974
11     30    4    0.520    12.1    1  3  -4     11.1    39  66  71     1.034    1.019
30     80    5    0.104    19.4    1  2  3  -1     17.6    -7  23  27  78     1.013    1.036



ptjet1
5.5     7    1    11.24    8.3        11.9        1.006    0.999
7     8.5    2    5.66    16.4    -4     12.6    -25     1.034    0.986
8.5     10    3    2.55    36.0    -22  -21     29.8    -70  80     1.112    1.050
10     14.5    4    0.485    45.2    10  -14  -39     15.0    -30  38  42     0.976    0.961

mx
10     20    1    0.20    61.5        120.1        0.977    1.024
20     28    2    2.06    9.5    -23     10.6    76     1.021    1.026
28     36    3    1.43    12.5    3  -18     12.0    -67  -16     1.046    0.952


deltaeta
0     0.5    1    24.8    12.1        10.8        1.004    1.015
0.5     1    2    16.0    17.6    -16     12.7    81     1.046    1.002
1     1.5    3    13.1    19.9    4  -16     13.2    96  84     1.030    0.968
1.5     2    4    7.8    28.9    0  5  -14     18.4    38  70  53     1.030    0.966


meaneta
-1     -0.45    1    10.3    21.1        11.1        0.905    1.011
-0.45     -0.05    2    30.1    11.4    -13     10.6    42     1.011    1.021
-0.05     0.25    3    30.0    14.9    1  -14     11.5    37  81     1.056    0.994
0.25     0.65    4    9.2    32.3    -2  1  -16     20.3    18  63  71     1.171    0.921
