1234567890
23600
DIS
1
0
0
0
0
0
0
1234567890
12
1
Please replace this by desired description of scenario
1296.1481
1
15
1
xi2zIP
2
0
0.002
0.002
0.004
0.004
0.006
0.006
0.008
0.008
0.01
0.01
0.012
0.012
0.014
0.014
0.016
0.016
0.018
0.018
0.02
0.02
0.022
0.022
0.024
0.024
0.026
0.026
0.028
0.028
0.03
0.002
0.002
0.002
0.002
0.002
0.002
0.002
0.002
0.002
0.002
0.002
0.002
0.002
0.002
0.002
0
1234567890
15
0
0
1
1
4
1
LO
7
NNLOJET_rev_4708
Example for single jet inclusive production.
Please adapt to selected process: DIS
Please cite:
Currie, J.; Glover, E.W.N. & Pires, J., Phys. Rev. Lett., 2017, 118, 072002 [arXiv:1611.01460]
DIS
PC: Please check and modify NNLOJET references according to selected process.
0
0
-2
8.6640705e-19
8.6640705e-19
1
4735686
2.6665889e+12
2.6261686e+10
68853907
5
15
1.20112e+11
5.6471603e+10
4.0828166e+10
3.4180729e+10
3.001921e+10
2.6736074e+10
2.3864232e+10
2.4623014e+10
2.5737188e+10
2.0330926e+10
2.094012e+10
1.9948435e+10
2.2271887e+10
1.7803233e+10
1.9929263e+10
15
2.2277666e+11
1.0342132e+11
7.3463145e+10
6.1248885e+10
5.1642272e+10
4.8975727e+10
4.2761417e+10
4.3666501e+10
4.339871e+10
3.7740585e+10
3.6548691e+10
3.7543502e+10
3.9100824e+10
3.3138506e+10
3.3973453e+10
15
1.4144379e+10
6.6548156e+09
4.7610749e+09
3.9974844e+09
3.3801747e+09
3.2158531e+09
2.8183487e+09
2.8761106e+09
2.844569e+09
2.496335e+09
2.4336209e+09
2.4776042e+09
2.5663167e+09
2.1846601e+09
2.2572537e+09
15
1.6474489e+10
7.6740934e+09
5.555842e+09
4.8652442e+09
4.3269537e+09
3.8125398e+09
3.3362047e+09
3.6763496e+09
3.6983319e+09
3.0809857e+09
3.1620741e+09
3.2186363e+09
3.2611346e+09
2.7835792e+09
3.1004751e+09
15
2.6190334e+11
1.2080116e+11
8.6989678e+10
7.5709466e+10
6.7286082e+10
5.9152691e+10
5.1740595e+10
5.6588415e+10
5.7147169e+10
4.690663e+10
4.8587678e+10
4.954415e+10
4.9920374e+10
4.2392545e+10
4.7587121e+10
5
15
1.3198854e+10
3.6153531e+09
1.8772547e+09
1.2826343e+09
9.1741004e+08
6.9561981e+08
5.3695743e+08
5.060936e+08
4.7246011e+08
3.3019735e+08
3.0953507e+08
2.7657587e+08
2.8288141e+08
2.0396746e+08
2.1871933e+08
15
3.4470317e+08
93726299
51578419
38245067
28355758
25157696
20647044
20399888
18994259
16656180
15742792
16061494
16105260
13535545
14099640
15
36570154
10282844
5585036.3
4022340.6
2890763.6
2471614.5
1967426.2
1860301.9
1655393.4
1422731
1309787.8
1263740.8
1213388
989777.25
1009629.7
15
40108122
10620836
5665153.8
4106212.3
3005875
2240969.8
1690494.9
1735311.3
1508557
1202847.3
1095562.7
1025917.1
952621.08
734477.57
780239.24
15
3.7014507e+08
89302787
45592878
32003302
22978255
16666597
12377171
12423437
10761614
8293683.9
7620201.5
7154234
6577014.7
4927994.4
5351991.5
5
15
21636730
9223042
5011283.6
3404283.1
2482017.2
1916969.9
1458800.8
1271959.2
1075890.2
860967.71
753944.64
663886.23
627832.3
514166.14
494702.21
15
2790816.4
1183048.9
666810.59
472320.3
353847.33
292632.61
232991.17
205867.16
179386.99
153271.09
138737.25
127585.58
121547.85
107276.67
104534.71
15
925190
401866.1
226151.68
158442.69
117245.33
95438.413
74878.82
65092.293
55542.235
46904.24
42001.576
37688.709
35193.1
30837.981
29513.457
15
875258.96
356532.31
195701.14
135191.5
101056.66
77425.887
59443.935
53544.69
45165.678
37040.903
32353.752
29464.519
26707.316
22575.613
21589.324
15
2629606.6
1026267.8
549738.44
373242.31
275323.05
208273.2
157996.2
141046.16
118138.21
96024.052
83585.944
75889.837
68354.123
57162.318
55070.022
5
15
157188
185146
155826
137750
121304
112434
100788
95062
87956
81656
76142
71072
68530
64632
63076
15
78594
92573
77913
68875
60652
56217
50394
47531
43978
40828
38071
35536
34265
32316
31538
15
78594
92573
77913
68875
60652
56217
50394
47531
43978
40828
38071
35536
34265
32316
31538
15
78594
92573
77913
68875
60652
56217
50394
47531
43978
40828
38071
35536
34265
32316
31538
15
78594
92573
77913
68875
60652
56217
50394
47531
43978
40828
38071
35536
34265
32316
31538
1
1
2212
0
0
0
5
2
0
5
0
1
0
2
2
4
3
1
3
5
3
-1
-3
-5
2
-2
-4
18
6e-05
0.00017148066
0.00046154949
0.0011699319
0.0027928147
0.0062786004
0.013292993
0.02650464
0.049769154
0.088011174
0.1465732
0.22988494
0.33955153
0.47232406
0.61874776
0.76335477
0.88690767
0.97044204
18
0.0016
0.003207333
0.0061788779
0.011439753
0.020354722
0.034806085
0.057198766
0.090335743
0.13711156
0.2
0.28036733
0.37771679
0.48904257
0.60851112
0.72766561
0.83625103
0.92359796
0.9803265
18
0.0036
0.0066112285
0.01172674
0.020090366
0.033244045
0.053131896
0.082018576
0.12228821
0.17610528
0.24494897
0.32907457
0.42700058
0.53515311
0.64780321
0.757397
0.85530205
0.93289098
0.9827832
18
0.0056
0.0098048131
0.016626106
0.027304969
0.043430293
0.066902717
0.09981474
0.14422665
0.20183492
0.27355648
0.35908531
0.45650779
0.5620807
0.67026891
0.77410417
0.86586397
0.93799355
0.98412432
18
0.0076
0.012874728
0.021163189
0.033755362
0.05224239
0.078455231
0.11432452
0.1616499
0.22178395
0.29525917
0.38141281
0.47808571
0.58148008
0.68625027
0.78586658
0.87324018
0.9415366
0.98505233
18
0.006
0.010427154
0.017557601
0.028645043
0.045281276
0.069354193
0.10292282
0.14799107
0.2061789
0.27831577
0.3640125
0.46129597
0.56640609
0.67384662
0.77674609
0.86752496
0.93879284
0.9843339
18
0.008
0.01347746
0.022038509
0.034979411
0.053888846
0.08058262
0.11696071
0.16477629
0.22532301
0.29906976
0.38529693
0.48180879
0.58480355
0.68897171
0.7878597
0.87448527
0.94213301
0.98520829
18
0.01
0.016445587
0.02628773
0.040842387
0.061677031
0.0905295
0.12915497
0.17909622
0.24138821
0.31622777
0.4026598
0.49834587
0.59948425
0.70093704
0.79658948
0.87992254
0.94473203
0.98588705
18
0.012
0.019349828
0.030360998
0.04635516
0.068868912
0.099561505
0.14005634
0.19171549
0.25536108
0.33097509
0.41742553
0.51227812
0.61175242
0.71086753
0.80379399
0.8843902
0.94686091
0.98644198
18
0.014
0.022201994
0.034293537
0.051592778
0.075600018
0.10789746
0.14998813
0.20307615
0.26780415
0.34397906
0.43033143
0.52436111
0.62232067
0.71937332
0.80993612
0.88818525
0.94866459
0.98691142
18
0.016
0.025010327
0.038109484
0.056605822
0.081960282
0.11568049
0.15915896
0.21345995
0.27907186
0.35565588
0.44183312
0.535058
0.63162277
0.72682358
0.8152946
0.89148583
0.95022979
0.98731824
18
0.018
0.02778089
0.041826342
0.061430448
0.08801315
0.12301031
0.16771255
0.22305896
0.28940355
0.36628415
0.45223323
0.54467431
0.63994314
0.73345921
0.82005054
0.89440733
0.95161254
0.98767722
18
0.02
0.030518326
0.045457333
0.066093647
0.093805439
0.12995975
0.17575279
0.23201075
0.29896926
0.37606031
0.46174371
0.55342275
0.6474788
0.73944629
0.82432837
0.8970288
0.95285115
0.98799845
18
0.022
0.033226298
0.049012773
0.070616248
0.099372918
0.13658389
0.18335762
0.24041773
0.30789459
0.38512851
0.47051917
0.56145766
0.65437205
0.74490436
0.82821736
0.89940684
0.953973
0.98828913
18
0.024
0.035907769
0.052500919
0.075014755
0.10474367
0.14292565
0.19058727
0.24835842
0.31627524
0.39359793
0.47867608
0.56889478
0.66072916
0.74992235
0.83178375
0.90158332
0.95499832
0.98855458
1
1
0
2
scale1
scale2
15
4
2
5.943922
17.665104
52.5
4
2
6.7882149
23.039931
78.2
4
2
7.2583732
26.341991
95.6
4
2
7.6471674
29.239585
111.8
4
2
7.7947806
30.379303
118.4
4
2
8.035261
32.28271
129.7
4
2
8.4004535
35.283809
148.2
4
2
8.4735046
35.90014
152.1
4
2
8.6445855
37.364429
161.5
4
2
8.8450854
39.117768
173
4
2
8.9975302
40.477775
182.1
4
2
9.10816
41.479289
188.9
4
2
9.3186276
43.418411
202.3
4
2
9.3977964
44.159288
207.5
4
2
9.4368854
44.527403
210.1
15
4
5.54
9.3391385
15.743593
26.54
4
5.54
10.68975
20.626489
39.8
4
5.56
11.371757
23.258428
47.57
4
5.55
12.010021
25.989297
56.24
4
5.57
12.440583
27.786014
62.06
4
5.55
12.798507
29.513834
68.06
4
5.54
13.11264
31.036343
73.46
4
5.59
13.486453
32.537464
78.5
4
5.75
14.070252
34.42991
84.25
4
5.69
14.151757
35.197227
87.54
4
5.58
14.206199
36.16776
92.08
4
5.58
14.400495
37.163847
95.91
4
5.71
14.801043
38.36618
99.45
4
5.81
15.247832
40.016588
105.02
4
5.72
15.278223
40.80841
109
15
18
4
4
542673.52
822486.39
206162.66
198565.59
794063.9
-258585.69
-145064.56
-36064.609
-34503.37
-137951.14
-13912.283
-77987.609
-19615.567
-19351.262
-77395.362
5088.9707
18878.364
4745.2383
4674.6449
18695.864
4
314405.47
764843.76
190337.28
187314.89
751021.95
-1346255.1
-1404614.8
-354565.65
-342602.27
-1367299.4
268723.62
224015.01
56908.055
53355.539
212460.54
-51523.981
-40862.822
-10397.403
-9668.6539
-38477.755
4
-458336.91
-766441.41
-194177.53
-186712.46
-745819.71
-106649.18
-354455.38
-91451.027
-87869.743
-350455.24
84991.334
183590.22
46895.738
45277.924
180739.66
-18678.864
-39373.563
-10050.482
-9712.9354
-38774.272
4
77163.233
122074.54
30740.969
29901.788
119493.93
-240.25962
29063.052
7492.8047
7466.183
29770.413
-10102.844
-22880.663
-5801.9779
-5729.7217
-22882.425
2319.2133
5022.4112
1272.6293
1257.2643
5021.4168
4
4
91989116
1.0002394e+08
25032803
25267704
1.0103831e+08
92813012
1.0349502e+08
25901257
25895874
1.0355284e+08
-33379326
-36929294
-9242083.1
-9271584.1
-37075092
6934062.4
7667763.9
1918974.4
1925740.6
7700614.6
4
2.1044775e+08
2.5993762e+08
65333068
64321281
2.5704589e+08
2.1236479e+08
2.6482074e+08
66565329
65363129
2.6121873e+08
-77274701
-96020899
-24135649
-23711059
-94756889
16037865
19933090
5010288.2
4922875.9
19673403
4
-36675232
-32610566
-8061320.4
-8541598.4
-34175641
-36407399
-33729381
-8350829.2
-8525719.4
-34107448
13008699
11724351
2895638.9
2999378.6
12002238
-2722496.8
-2460370.9
-607963.07
-629967.18
-2520731
4
8374524.8
8483848.4
2113899.2
2184171.8
8736236.3
8304636.5
8618225
2146093
2161660.3
8646542.2
-3009871.1
-3097051.4
-771380.19
-782376.07
-3129533.3
627145.88
645145.45
160691.95
163136.75
652546.63
4
4
1.8831809e+08
1.7325048e+08
43317776
43222219
1.7283478e+08
3.557151e+08
3.527666e+08
88223439
86692790
3.4668451e+08
-81018769
-76242478
-19065219
-18652676
-74587867
17788168
16890672
4223664.8
4141121.7
16559618
4
5.731315e+08
6.0682961e+08
1.5264138e+08
1.4974624e+08
5.9753905e+08
1.0691482e+09
1.167919e+09
2.9380913e+08
2.8949414e+08
1.1556881e+09
-2.4898398e+08
-2.6458995e+08
-66549009
-65383999
-2.6092815e+08
54591351
58364564
14680835
14421850
57556992
4
-4238150.3
79291827
21420473
18761917
74104564
-8287880.8
1.1381406e+08
31236349
26829523
1.0581047e+08
2849386.9
-30694698
-8340567.7
-7292744.1
-28776824
-595002.22
6563829.3
1785130.5
1559030.2
6152404.3
4
11806231
7346348.7
1822270
1808120.7
7286296.1
22667877
17662938
4380367.2
4338185.7
17438905
-5227996
-3553235.3
-885399.49
-864885.86
-3480945
1141129.3
785776.34
195151.31
192065.3
773005.13
4
4
2.6094181e+08
2.3998139e+08
60143799
60769993
2.4298083e+08
5.2797643e+08
4.8957555e+08
1.2272049e+08
1.2203447e+08
4.8795168e+08
-55634877
-44370027
-11126089
-11079081
-44289065
22106109
20279716
5082800.5
5054312.5
20208982
4
7.7103039e+08
7.5497564e+08
1.8904132e+08
1.8982954e+08
7.5692423e+08
1.6837981e+09
1.6272559e+09
4.0755265e+08
4.0862799e+08
1.6297094e+09
-1.4684008e+08
-1.2187169e+08
-30372216
-31179641
-1.2399531e+08
66926952
64424033
16128185
16238825
64741254
4
44369880
1.9649345e+08
53555244
45987897
1.7896619e+08
2.2078954e+08
5.2923813e+08
1.4349293e+08
1.2820813e+08
5.0187493e+08
13551112
-28335776
-7753388.1
-6634826.4
-25140386
4536843.4
17814533
4846934.9
4234092.2
16488606
4
18862025
26686798
7399795.4
6151710.2
24505136
34601389
54558664
15344086
12200065
48522694
-4057347.8
-6100990.9
-1710415.7
-1355609.7
-5400570.2
1525103.1
2279396.4
634560.31
510913.84
2034196.8
4
4
47837583
33234522
8382050.8
11674094
46615894
1.1626711e+08
94311662
23803211
25757306
1.0284121e+08
3401556.4
8511398.8
2144747.6
1128178.2
4525247.3
6094407.7
5149437.1
1294074.4
1482226.4
5921872.1
4
1.6098306e+08
1.3645701e+08
33910299
37795870
1.5087252e+08
3.705631e+08
3.1145181e+08
77132130
82136659
3.2786201e+08
25370952
30110316
7521668.8
6197804.1
24774007
19710731
18737082
4678902.7
4974560.4
19862754
4
18176054
55776998
15256181
12776558
48559872
95241970
1.7948143e+08
49106523
45164448
1.7361722e+08
28172966
26548413
7308768.6
6216543.9
25057887
3033785.9
7267243.1
1972696
1748846.2
6740054.6
4
5341735.5
12305955
3756771.4
3092908.4
12063525
13103303
34154392
10424863
7777153.1
30297666
986877.22
1072495
263578.49
63873.022
311288.42
506900.82
1159378.5
349503.39
283984.9
1107455.9
4
4
-49250099
-40825553
-10245952
-11568601
-46235066
-1.0627259e+08
-94195019
-23659800
-24321223
-97197851
7332282.4
4014341.9
1000585
1380022.5
5512480.4
-4978058.5
-4383262.7
-1099394
-1168930.5
-4672308.1
4
-1.5400263e+08
-1.4494212e+08
-36232669
-37368983
-1.4907231e+08
-3.372598e+08
-3.1503003e+08
-78653441
-80182999
-3.199312e+08
15392802
11899046
2986067
3426265.6
13613933
-15598889
-15157950
-3793639.6
-3886438.9
-15506894
4
-11191571
-42802020
-11656883
-9974574.3
-38489073
-55481075
-1.2067759e+08
-32862918
-29738113
-1.1536214e+08
-10914792
-4735554.4
-1325920.8
-1094366
-4594539.7
-1558263.7
-4659460.6
-1264201
-1115197.9
-4324479.9
4
-4078510.3
-7045300.4
-2071316.3
-1716867.8
-6752698.4
-8757967.5
-17816965
-5283083.8
-4058066
-15923985
206166.19
270486.26
86141.398
128252.05
492849.3
-363507.8
-646000.57
-188665.19
-154791.26
-608528.75
4
4
0
0
0
0
0
0
0
0
0
0
0
0
0
0
0
0
0
0
0
0
4
0
0
0
0
0
0
0
0
0
0
0
0
0
0
0
0
0
0
0
0
4
0
0
0
0
0
0
0
0
0
0
0
0
0
0
0
0
0
0
0
0
4
0
0
0
0
0
0
0
0
0
0
0
0
0
0
0
0
0
0
0
0
4
4
0
0
0
0
0
0
0
0
0
0
0
0
0
0
0
0
0
0
0
0
4
0
0
0
0
0
0
0
0
0
0
0
0
0
0
0
0
0
0
0
0
4
0
0
0
0
0
0
0
0
0
0
0
0
0
0
0
0
0
0
0
0
4
0
0
0
0
0
0
0
0
0
0
0
0
0
0
0
0
0
0
0
0
4
4
0
0
0
0
0
0
0
0
0
0
0
0
0
0
0
0
0
0
0
0
4
0
0
0
0
0
0
0
0
0
0
0
0
0
0
0
0
0
0
0
0
4
0
0
0
0
0
0
0
0
0
0
0
0
0
0
0
0
0
0
0
0
4
0
0
0
0
0
0
0
0
0
0
0
0
0
0
0
0
0
0
0
0
4
4
0
0
0
0
0
0
0
0
0
0
0
0
0
0
0
0
0
0
0
0
4
0
0
0
0
0
0
0
0
0
0
0
0
0
0
0
0
0
0
0
0
4
0
0
0
0
0
0
0
0
0
0
0
0
0
0
0
0
0
0
0
0
4
0
0
0
0
0
0
0
0
0
0
0
0
0
0
0
0
0
0
0
0
4
4
0
0
0
0
0
0
0
0
0
0
0
0
0
0
0
0
0
0
0
0
4
0
0
0
0
0
0
0
0
0
0
0
0
0
0
0
0
0
0
0
0
4
0
0
0
0
0
0
0
0
0
0
0
0
0
0
0
0
0
0
0
0
4
0
0
0
0
0
0
0
0
0
0
0
0
0
0
0
0
0
0
0
0
4
4
0
0
0
0
0
0
0
0
0
0
0
0
0
0
0
0
0
0
0
0
4
0
0
0
0
0
0
0
0
0
0
0
0
0
0
0
0
0
0
0
0
4
0
0
0
0
0
0
0
0
0
0
0
0
0
0
0
0
0
0
0
0
4
0
0
0
0
0
0
0
0
0
0
0
0
0
0
0
0
0
0
0
0
4
4
0
0
0
0
0
0
0
0
0
0
0
0
0
0
0
0
0
0
0
0
4
0
0
0
0
0
0
0
0
0
0
0
0
0
0
0
0
0
0
0
0
4
0
0
0
0
0
0
0
0
0
0
0
0
0
0
0
0
0
0
0
0
4
0
0
0
0
0
0
0
0
0
0
0
0
0
0
0
0
0
0
0
0
4
4
0
0
0
0
0
0
0
0
0
0
0
0
0
0
0
0
0
0
0
0
4
0
0
0
0
0
0
0
0
0
0
0
0
0
0
0
0
0
0
0
0
4
0
0
0
0
0
0
0
0
0
0
0
0
0
0
0
0
0
0
0
0
4
0
0
0
0
0
0
0
0
0
0
0
0
0
0
0
0
0
0
0
0
4
4
0
0
0
0
0
0
0
0
0
0
0
0
0
0
0
0
0
0
0
0
4
0
0
0
0
0
0
0
0
0
0
0
0
0
0
0
0
0
0
0
0
4
0
0
0
0
0
0
0
0
0
0
0
0
0
0
0
0
0
0
0
0
4
0
0
0
0
0
0
0
0
0
0
0
0
0
0
0
0
0
0
0
0
4
4
0
0
0
0
0
0
0
0
0
0
0
0
0
0
0
0
0
0
0
0
4
0
0
0
0
0
0
0
0
0
0
0
0
0
0
0
0
0
0
0
0
4
0
0
0
0
0
0
0
0
0
0
0
0
0
0
0
0
0
0
0
0
4
0
0
0
0
0
0
0
0
0
0
0
0
0
0
0
0
0
0
0
0
4
4
0
0
0
0
0
0
0
0
0
0
0
0
0
0
0
0
0
0
0
0
4
0
0
0
0
0
0
0
0
0
0
0
0
0
0
0
0
0
0
0
0
4
0
0
0
0
0
0
0
0
0
0
0
0
0
0
0
0
0
0
0
0
4
0
0
0
0
0
0
0
0
0
0
0
0
0
0
0
0
0
0
0
0
4
4
0
0
0
0
0
0
0
0
0
0
0
0
0
0
0
0
0
0
0
0
4
0
0
0
0
0
0
0
0
0
0
0
0
0
0
0
0
0
0
0
0
4
0
0
0
0
0
0
0
0
0
0
0
0
0
0
0
0
0
0
0
0
4
0
0
0
0
0
0
0
0
0
0
0
0
0
0
0
0
0
0
0
0
18
4
4
21248068
18672263
4685451.3
4853277.8
19401643
41223489
36836254
9249768.5
9457174
37811258
-5921427.7
-4838824.8
-1213318.8
-1276857.3
-5103616.8
1858834.3
1640100
411336.37
426362.21
1704576.1
4
63131062
63332428
15848959
15708536
62569365
1.2963101e+08
1.2438451e+08
31105612
31506989
1.255066e+08
-15252115
-14931368
-3732173.5
-3715785.8
-14780802
5409725.2
5387155.2
1348930.1
1349848.1
5376128.4
4
993427.68
15034976
4305512.4
2928682.8
11002943
11569111
36220890
10365936
8149004.9
31032090
2780139.3
-1274715.3
-378415.55
-101644.91
-223323.94
-17692.56
1143038.3
327692.87
223192.6
834707.78
4
1533161.1
1954888.2
584365.42
474965.45
1874547.4
2789028.8
4146889.7
1249865.1
907911.57
3584440.7
-473722.63
-518766.51
-152720.83
-127026.16
-501236
131715.6
163248.09
48035.555
38341.372
151647.71
4
4
3.4699953e+08
3.1056061e+08
77959636
77059817
3.0798044e+08
6.4095858e+08
5.7824763e+08
1.4535759e+08
1.4366217e+08
5.7416988e+08
-84488567
-70123829
-17550680
-16942398
-67722676
29593526
26672973
6693096.9
6557814.1
26212977
4
9.8573544e+08
9.7962013e+08
2.4489289e+08
2.4209858e+08
9.6460352e+08
2.0154779e+09
1.9189129e+09
4.790318e+08
4.831455e+08
1.9253132e+09
-2.124581e+08
-2.083834e+08
-52225211
-51448379
-2.0457007e+08
87028992
86158970
21557942
21487446
85604010
4
15270963
2.2403105e+08
64693403
50886989
1.9030091e+08
2.0315871e+08
5.9521991e+08
1.7084971e+08
1.3914677e+08
5.2651302e+08
56058000
-2024245.4
-587625.31
426228.02
4229487.5
1616403.4
20086478
5757702.9
4464830.3
16755073
4
25630693
37182299
11424196
8186774.9
31854915
46033921
80334367
25360866
16495860
63958778
-5642226.3
-6067308.9
-1771956
-1344578.1
-5261260
2091707.5
3011564.2
922794.92
642534.25
2504055.8
4
4
-1.4218088e+08
-1.2521627e+08
-31413237
-32501636
-1.2995231e+08
-2.6732896e+08
-2.3906994e+08
-60018051
-61643141
-2.4649741e+08
38555387
31453681
7891671.2
8361886.4
33422166
-11890699
-10449436
-2619895.7
-2739696.1
-10954582
4
-4.1586864e+08
-4.1510349e+08
-1.0390477e+08
-1.0402005e+08
-4.1421636e+08
-8.487796e+08
-8.1509257e+08
-2.0391348e+08
-2.0711548e+08
-8.2486117e+08
1.0180436e+08
98671576
24641681
24850185
98846555
-35051339
-34790467
-8715573.2
-8778468.6
-34953936
4
-5914948.5
-1.005609e+08
-28729694
-19401157
-73169897
-74860192
-2.3696722e+08
-67720010
-53164177
-2.0301521e+08
-16593108
10512938
3104805.6
1314196.2
3944245.4
389390.21
-7211532.5
-2059472.6
-1403010.4
-5253449.5
4
-9969175.3
-11997174
-3510470.7
-2845665.6
-11322627
-17742558
-24774634
-7279223.1
-5470182.6
-21813489
3307348.5
3604240.4
1069259.8
872067.19
3441452.4
-828152.48
-949872.69
-272641.59
-226574.91
-903374.51
4
4
76328115
67225906
16866600
17413213
69619132
1.4368896e+08
1.2853714e+08
32273755
33032236
1.3207933e+08
-20579841
-16803099
-4214579.2
-4437115.4
-17735170
6433236.8
5666916.8
1421002.9
1477023.4
5905537
4
2.2318082e+08
2.2279202e+08
55759169
55672730
2.2171485e+08
4.553857e+08
4.3680514e+08
1.0925062e+08
1.108925e+08
4.4167973e+08
-53937560
-52403898
-13092743
-13152116
-52313824
18923338
18785104
4705078.4
4729896.5
18835091
4
3140682.3
53361304
15267229
10485355
39485045
40607415
1.2761006e+08
36492333
28781342
1.0976228e+08
9389757.4
-4982881.9
-1473255.4
-585623.49
-1658969.5
-140498.92
3943123.7
1127446.5
781166.51
2925151.5
4
5420275.5
6690465.7
1975044.5
1588375.9
6296747.7
9659627.2
13920552
4142804.7
3050284.5
12106284
-1719556.9
-1865341.4
-551733.72
-452683.08
-1785811.4
451754.15
535762.99
155596.06
126439.24
502250.23
4
4
0
0
0
0
0
0
0
0
0
0
0
0
0
0
0
0
0
0
0
0
4
0
0
0
0
0
0
0
0
0
0
0
0
0
0
0
0
0
0
0
0
4
0
0
0
0
0
0
0
0
0
0
0
0
0
0
0
0
0
0
0
0
4
0
0
0
0
0
0
0
0
0
0
0
0
0
0
0
0
0
0
0
0
4
4
0
0
0
0
0
0
0
0
0
0
0
0
0
0
0
0
0
0
0
0
4
0
0
0
0
0
0
0
0
0
0
0
0
0
0
0
0
0
0
0
0
4
0
0
0
0
0
0
0
0
0
0
0
0
0
0
0
0
0
0
0
0
4
0
0
0
0
0
0
0
0
0
0
0
0
0
0
0
0
0
0
0
0
4
4
0
0
0
0
0
0
0
0
0
0
0
0
0
0
0
0
0
0
0
0
4
0
0
0
0
0
0
0
0
0
0
0
0
0
0
0
0
0
0
0
0
4
0
0
0
0
0
0
0
0
0
0
0
0
0
0
0
0
0
0
0
0
4
0
0
0
0
0
0
0
0
0
0
0
0
0
0
0
0
0
0
0
0
4
4
0
0
0
0
0
0
0
0
0
0
0
0
0
0
0
0
0
0
0
0
4
0
0
0
0
0
0
0
0
0
0
0
0
0
0
0
0
0
0
0
0
4
0
0
0
0
0
0
0
0
0
0
0
0
0
0
0
0
0
0
0
0
4
0
0
0
0
0
0
0
0
0
0
0
0
0
0
0
0
0
0
0
0
4
4
0
0
0
0
0
0
0
0
0
0
0
0
0
0
0
0
0
0
0
0
4
0
0
0
0
0
0
0
0
0
0
0
0
0
0
0
0
0
0
0
0
4
0
0
0
0
0
0
0
0
0
0
0
0
0
0
0
0
0
0
0
0
4
0
0
0
0
0
0
0
0
0
0
0
0
0
0
0
0
0
0
0
0
4
4
0
0
0
0
0
0
0
0
0
0
0
0
0
0
0
0
0
0
0
0
4
0
0
0
0
0
0
0
0
0
0
0
0
0
0
0
0
0
0
0
0
4
0
0
0
0
0
0
0
0
0
0
0
0
0
0
0
0
0
0
0
0
4
0
0
0
0
0
0
0
0
0
0
0
0
0
0
0
0
0
0
0
0
4
4
0
0
0
0
0
0
0
0
0
0
0
0
0
0
0
0
0
0
0
0
4
0
0
0
0
0
0
0
0
0
0
0
0
0
0
0
0
0
0
0
0
4
0
0
0
0
0
0
0
0
0
0
0
0
0
0
0
0
0
0
0
0
4
0
0
0
0
0
0
0
0
0
0
0
0
0
0
0
0
0
0
0
0
4
4
0
0
0
0
0
0
0
0
0
0
0
0
0
0
0
0
0
0
0
0
4
0
0
0
0
0
0
0
0
0
0
0
0
0
0
0
0
0
0
0
0
4
0
0
0
0
0
0
0
0
0
0
0
0
0
0
0
0
0
0
0
0
4
0
0
0
0
0
0
0
0
0
0
0
0
0
0
0
0
0
0
0
0
4
4
0
0
0
0
0
0
0
0
0
0
0
0
0
0
0
0
0
0
0
0
4
0
0
0
0
0
0
0
0
0
0
0
0
0
0
0
0
0
0
0
0
4
0
0
0
0
0
0
0
0
0
0
0
0
0
0
0
0
0
0
0
0
4
0
0
0
0
0
0
0
0
0
0
0
0
0
0
0
0
0
0
0
0
4
4
0
0
0
0
0
0
0
0
0
0
0
0
0
0
0
0
0
0
0
0
4
0
0
0
0
0
0
0
0
0
0
0
0
0
0
0
0
0
0
0
0
4
0
0
0
0
0
0
0
0
0
0
0
0
0
0
0
0
0
0
0
0
4
0
0
0
0
0
0
0
0
0
0
0
0
0
0
0
0
0
0
0
0
4
4
0
0
0
0
0
0
0
0
0
0
0
0
0
0
0
0
0
0
0
0
4
0
0
0
0
0
0
0
0
0
0
0
0
0
0
0
0
0
0
0
0
4
0
0
0
0
0
0
0
0
0
0
0
0
0
0
0
0
0
0
0
0
4
0
0
0
0
0
0
0
0
0
0
0
0
0
0
0
0
0
0
0
0
4
4
0
0
0
0
0
0
0
0
0
0
0
0
0
0
0
0
0
0
0
0
4
0
0
0
0
0
0
0
0
0
0
0
0
0
0
0
0
0
0
0
0
4
0
0
0
0
0
0
0
0
0
0
0
0
0
0
0
0
0
0
0
0
4
0
0
0
0
0
0
0
0
0
0
0
0
0
0
0
0
0
0
0
0
4
4
0
0
0
0
0
0
0
0
0
0
0
0
0
0
0
0
0
0
0
0
4
0
0
0
0
0
0
0
0
0
0
0
0
0
0
0
0
0
0
0
0
4
0
0
0
0
0
0
0
0
0
0
0
0
0
0
0
0
0
0
0
0
4
0
0
0
0
0
0
0
0
0
0
0
0
0
0
0
0
0
0
0
0
4
4
0
0
0
0
0
0
0
0
0
0
0
0
0
0
0
0
0
0
0
0
4
0
0
0
0
0
0
0
0
0
0
0
0
0
0
0
0
0
0
0
0
4
0
0
0
0
0
0
0
0
0
0
0
0
0
0
0
0
0
0
0
0
4
0
0
0
0
0
0
0
0
0
0
0
0
0
0
0
0
0
0
0
0
18
4
4
47605475
42989025
10800918
10288346
41109714
83658179
74347471
18718655
18500857
73901292
-11735764
-9401800.9
-2343946.2
-2415570.8
-9659193.1
4065806
3590396.9
901397.49
902297.86
3605886.2
4
1.3210665e+08
1.3007079e+08
32479204
32012340
1.274905e+08
2.6112895e+08
2.4499674e+08
61049604
61755748
2.4606743e+08
-28913364
-28109498
-7093634.4
-7090265.9
-28161807
11794793
11472622
2870125.6
2880515.6
11471718
4
-1398141.3
26066646
7912030.5
6353553.3
23029824
21772880
73428280
21860841
17647494
64894361
10022811
2777495.4
846706.94
568703.69
2564137.8
17804.586
2421870.8
722895.27
574871.05
2100224.9
4
3664545.5
5425201.9
1737998.8
1041140.7
3961342.2
6194417.2
11060521
3729603.7
2212688.4
8316405.4
-693997.97
-438434.57
-91405.641
-117671.16
-462197.56
296717.69
411776.29
130289.42
85742.686
327267.55
4
4
2.7228882e+08
2.4340686e+08
61161973
59229322
2.3662156e+08
4.7885024e+08
4.2612977e+08
1.0734302e+08
1.0492526e+08
4.1900823e+08
-64711491
-51657695
-12865583
-13066768
-52257717
23399994
20690975
5198243.9
5159357.5
20615013
4
7.5312537e+08
7.3604407e+08
1.8375331e+08
1.8163735e+08
7.2361409e+08
1.4966545e+09
1.4033315e+09
3.4940866e+08
3.518113e+08
1.4022811e+09
-1.6071734e+08
-1.5734216e+08
-39762645
-39032559
-1.549957e+08
68647718
66727750
16677353
16642650
66298540
4
-14052963
1.4001785e+08
42781207
35601023
1.2809343e+08
1.2452629e+08
4.1843538e+08
1.2504123e+08
1.0365335e+08
3.797263e+08
62292661
21656824
6536286.3
4067806.3
17666203
434370.22
14390165
4325335.7
3509716.7
12812285
4
21933992
32637556
10578647
6493025.1
24535563
36890584
69542153
23870249
13580877
50491168
-3657937
-2092073.5
-365649.6
-520041.22
-2065670.2
1802204.4
2662104.9
863581.39
531041.41
2009827.3
4
4
-2.0858917e+08
-1.8722821e+08
-47042602
-45409498
-1.8142562e+08
-3.6481804e+08
-3.2457161e+08
-81745605
-80186968
-3.2025448e+08
49863325
39915517
9944429.2
10134368
40528925
-17787743
-15736894
-3952527.4
-3931298.6
-15709342
4
-5.7686067e+08
-5.6398032e+08
-1.4080822e+08
-1.3910929e+08
-5.5412331e+08
-1.1442704e+09
-1.0727233e+09
-2.6717434e+08
-2.6949285e+08
-1.0740047e+09
1.2447389e+08
1.2127342e+08
30632300
30267525
1.2019826e+08
-52186797
-50691983
-12674353
-12671909
-50474074
4
10438118
-1.0721623e+08
-32763361
-26763687
-96443832
-94040923
-3.1757289e+08
-94843137
-78128325
-2.8663157e+08
-46732988
-15819350
-4760699.5
-3023718.5
-13196958
-136414.6
-10655800
-3199968.6
-2589770.6
-9455199
4
-16638621
-24599140
-7914389.1
-4819820.6
-18275653
-27867371
-51456143
-17532666
-10078811
-37633266
2935171.6
1757424.2
330518.07
434493.09
1721866.4
-1355376.8
-1951688.9
-625999.78
-392077.18
-1489573.8
4
4
96646048
86813452
21812379
21035817
84045876
1.6899461e+08
1.5035075e+08
37865687
37164156
1.4843049e+08
-23155069
-18543657
-4620174.3
-4711804.9
-18843116
8238113.8
7288548.8
1830532.8
1821433.1
7278471.2
4
2.6728148e+08
2.6136825e+08
65256301
64472829
2.5681389e+08
5.3007752e+08
4.9693553e+08
1.2377362e+08
1.248906e+08
4.9771312e+08
-57785604
-56262515
-14210171
-14061436
-55841444
24154734
23461271
5866299.3
5868084.9
23373003
4
-4739228.3
49805822
15215200
12396646
44689042
43537110
1.4708983e+08
43920344
36126254
1.3256751e+08
21560758
7231397.5
2176606.5
1388533.9
6068922.5
53513.437
4920295.5
1477079.5
1194181.3
4360090.2
4
7690688.9
11363702
3652988.9
2221388.3
8426744.7
12881810
23707647
8068909.3
4648340
17367997
-1367870.2
-823381.75
-156352.31
-204293.34
-809131.77
625931.9
897733.93
287473.31
180713.89
686938.46
4
4
0
0
0
0
0
0
0
0
0
0
0
0
0
0
0
0
0
0
0
0
4
0
0
0
0
0
0
0
0
0
0
0
0
0
0
0
0
0
0
0
0
4
0
0
0
0
0
0
0
0
0
0
0
0
0
0
0
0
0
0
0
0
4
0
0
0
0
0
0
0
0
0
0
0
0
0
0
0
0
0
0
0
0
4
4
0
0
0
0
0
0
0
0
0
0
0
0
0
0
0
0
0
0
0
0
4
0
0
0
0
0
0
0
0
0
0
0
0
0
0
0
0
0
0
0
0
4
0
0
0
0
0
0
0
0
0
0
0
0
0
0
0
0
0
0
0
0
4
0
0
0
0
0
0
0
0
0
0
0
0
0
0
0
0
0
0
0
0
4
4
0
0
0
0
0
0
0
0
0
0
0
0
0
0
0
0
0
0
0
0
4
0
0
0
0
0
0
0
0
0
0
0
0
0
0
0
0
0
0
0
0
4
0
0
0
0
0
0
0
0
0
0
0
0
0
0
0
0
0
0
0
0
4
0
0
0
0
0
0
0
0
0
0
0
0
0
0
0
0
0
0
0
0
4
4
0
0
0
0
0
0
0
0
0
0
0
0
0
0
0
0
0
0
0
0
4
0
0
0
0
0
0
0
0
0
0
0
0
0
0
0
0
0
0
0
0
4
0
0
0
0
0
0
0
0
0
0
0
0
0
0
0
0
0
0
0
0
4
0
0
0
0
0
0
0
0
0
0
0
0
0
0
0
0
0
0
0
0
4
4
0
0
0
0
0
0
0
0
0
0
0
0
0
0
0
0
0
0
0
0
4
0
0
0
0
0
0
0
0
0
0
0
0
0
0
0
0
0
0
0
0
4
0
0
0
0
0
0
0
0
0
0
0
0
0
0
0
0
0
0
0
0
4
0
0
0
0
0
0
0
0
0
0
0
0
0
0
0
0
0
0
0
0
4
4
0
0
0
0
0
0
0
0
0
0
0
0
0
0
0
0
0
0
0
0
4
0
0
0
0
0
0
0
0
0
0
0
0
0
0
0
0
0
0
0
0
4
0
0
0
0
0
0
0
0
0
0
0
0
0
0
0
0
0
0
0
0
4
0
0
0
0
0
0
0
0
0
0
0
0
0
0
0
0
0
0
0
0
4
4
0
0
0
0
0
0
0
0
0
0
0
0
0
0
0
0
0
0
0
0
4
0
0
0
0
0
0
0
0
0
0
0
0
0
0
0
0
0
0
0
0
4
0
0
0
0
0
0
0
0
0
0
0
0
0
0
0
0
0
0
0
0
4
0
0
0
0
0
0
0
0
0
0
0
0
0
0
0
0
0
0
0
0
4
4
0
0
0
0
0
0
0
0
0
0
0
0
0
0
0
0
0
0
0
0
4
0
0
0
0
0
0
0
0
0
0
0
0
0
0
0
0
0
0
0
0
4
0
0
0
0
0
0
0
0
0
0
0
0
0
0
0
0
0
0
0
0
4
0
0
0
0
0
0
0
0
0
0
0
0
0
0
0
0
0
0
0
0
4
4
0
0
0
0
0
0
0
0
0
0
0
0
0
0
0
0
0
0
0
0
4
0
0
0
0
0
0
0
0
0
0
0
0
0
0
0
0
0
0
0
0
4
0
0
0
0
0
0
0
0
0
0
0
0
0
0
0
0
0
0
0
0
4
0
0
0
0
0
0
0
0
0
0
0
0
0
0
0
0
0
0
0
0
4
4
0
0
0
0
0
0
0
0
0
0
0
0
0
0
0
0
0
0
0
0
4
0
0
0
0
0
0
0
0
0
0
0
0
0
0
0
0
0
0
0
0
4
0
0
0
0
0
0
0
0
0
0
0
0
0
0
0
0
0
0
0
0
4
0
0
0
0
0
0
0
0
0
0
0
0
0
0
0
0
0
0
0
0
4
4
0
0
0
0
0
0
0
0
0
0
0
0
0
0
0
0
0
0
0
0
4
0
0
0
0
0
0
0
0
0
0
0
0
0
0
0
0
0
0
0
0
4
0
0
0
0
0
0
0
0
0
0
0
0
0
0
0
0
0
0
0
0
4
0
0
0
0
0
0
0
0
0
0
0
0
0
0
0
0
0
0
0
0
4
4
0
0
0
0
0
0
0
0
0
0
0
0
0
0
0
0
0
0
0
0
4
0
0
0
0
0
0
0
0
0
0
0
0
0
0
0
0
0
0
0
0
4
0
0
0
0
0
0
0
0
0
0
0
0
0
0
0
0
0
0
0
0
4
0
0
0
0
0
0
0
0
0
0
0
0
0
0
0
0
0
0
0
0
4
4
0
0
0
0
0
0
0
0
0
0
0
0
0
0
0
0
0
0
0
0
4
0
0
0
0
0
0
0
0
0
0
0
0
0
0
0
0
0
0
0
0
4
0
0
0
0
0
0
0
0
0
0
0
0
0
0
0
0
0
0
0
0
4
0
0
0
0
0
0
0
0
0
0
0
0
0
0
0
0
0
0
0
0
4
4
0
0
0
0
0
0
0
0
0
0
0
0
0
0
0
0
0
0
0
0
4
0
0
0
0
0
0
0
0
0
0
0
0
0
0
0
0
0
0
0
0
4
0
0
0
0
0
0
0
0
0
0
0
0
0
0
0
0
0
0
0
0
4
0
0
0
0
0
0
0
0
0
0
0
0
0
0
0
0
0
0
0
0
18
4
4
54583285
47249817
11880744
12073647
48229154
95149729
83811773
21133323
20946206
83618811
-14420857
-11582159
-2884085.8
-2950355.9
-11802987
4664273
4049759.2
1018077.6
1024621.5
4093672
4
1.5914472e+08
1.5592524e+08
38938674
39668284
1.5793255e+08
2.9922034e+08
2.8422687e+08
70734841
70210549
2.7979714e+08
-37481598
-38586559
-9761407.5
-9140173
-36263365
13868982
13794992
3448178.3
3365352.1
13397900
4
-2710930.3
28951381
9057695.4
7583392.8
26616056
22034113
81483886
25051289
20081984
71692847
10989324
1653420.6
603129.44
176337.84
1147780.8
110872.79
3019018
925616.47
734729.27
2625093.9
4
4323185.9
6106010.8
2067085.8
1230206.1
4588143.4
7074424.4
13059332
4714439.9
2584431.1
9388292.7
-728627.47
-350759.75
-52791.748
-106173.87
-434003.69
342797.1
487265.82
166177.73
97917.893
365235.64
4
4
1.9183795e+08
1.6465316e+08
41396854
41828931
1.6707111e+08
3.3939192e+08
2.9659645e+08
74794025
74009482
2.9538988e+08
-50666831
-40047350
-9959964.4
-10159813
-40647781
16702429
14393492
3618795.9
3633969.9
14516465
4
5.6823425e+08
5.5478007e+08
1.3859299e+08
1.3968841e+08
5.5619168e+08
1.0669854e+09
1.0060977e+09
2.5034635e+08
2.4871371e+08
9.914232e+08
-1.3290067e+08
-1.3478108e+08
-34150172
-32190731
-1.277012e+08
50018639
49191181
12294227
12064326
48040817
4
-4246048.1
1.1112964e+08
34321746
29330592
1.0332113e+08
78675963
2.9052092e+08
89316124
72977672
2.599976e+08
40477197
7792827.5
2767433.1
699788.9
4302498.7
700687.07
11052189
3388265.3
2769340.9
9901095.3
4
15131445
21313810
7300926
4488257
16591449
25996082
48024837
17406414
9694012.7
34940508
-2536716.7
-797780.77
20820.158
-370199.48
-1519938.4
1267881.1
1788047.2
610875.55
375442.88
1389850.5
4
4
-1.6178862e+08
-1.3901528e+08
-34952635
-35405081
-1.4141767e+08
-2.8448713e+08
-2.4908403e+08
-62811890
-62173442
-2.4816074e+08
42786091
33946016
8445967
8627980.6
34517556
-14015863
-12094548
-3040797.2
-3056864.8
-12211487
4
-4.7554445e+08
-4.6366501e+08
-1.158126e+08
-1.1727366e+08
-4.6693551e+08
-8.9347642e+08
-8.4318375e+08
-2.0980804e+08
-2.0857616e+08
-8.3138017e+08
1.1171636e+08
1.133837e+08
28714208
27111999
1.0756204e+08
-41822149
-41170888
-10289391
-10103396
-40230827
4
5001610.1
-90898992
-28187780
-24014990
-84502327
-65777787
-2.4261795e+08
-74622722
-60906876
-2.1709937e+08
-33669083
-6280147.4
-2221760.8
-555981.48
-3512042.8
-513654.3
-9160530.6
-2811069.9
-2289771.6
-8183323.8
4
-12759401
-17994124
-6146702.7
-3740977.8
-13862707
-21640188
-40017072
-14489973
-8033872.2
-29007942
2158263.6
804672.73
40458.172
320906.22
1312241.7
-1056636.3
-1495377
-510689.75
-310843.91
-1152722.9
4
4
72511883
62332997
15672542
15879176
63426225
1.273706e+08
1.1157114e+08
28134981
27849518
1.1116045e+08
-19179948
-15232394
-3790219.4
-3871986.1
-15490356
6275451.7
5417576.2
1362079.7
1369354.2
5470300.6
4
2.1285621e+08
2.0751787e+08
51831495
52527414
2.0914162e+08
3.9999468e+08
3.7757493e+08
93951540
93406645
3.7231208e+08
-50045692
-50814360
-12867310
-12150177
-48204269
18715029
18430398
4606088.8
4522678.9
18008734
4
-2364724.6
40513129
12573205
10699757
37641279
29439540
1.0857286e+08
33396391
27243398
97117854
15048492
2781201.7
983749.93
246704.36
1565731
223348.3
4093234.7
1256274.1
1022126.5
3652688.2
4
5719125.2
8068251.7
2754497.3
1672657.6
6201379.7
9674537.9
17893079
6477591.7
3588017.3
12960355
-968779.73
-372556.08
-23417.389
-144413.49
-590162.03
472399.97
669092.98
228486.72
138752.38
514742.49
4
4
0
0
0
0
0
0
0
0
0
0
0
0
0
0
0
0
0
0
0
0
4
0
0
0
0
0
0
0
0
0
0
0
0
0
0
0
0
0
0
0
0
4
0
0
0
0
0
0
0
0
0
0
0
0
0
0
0
0
0
0
0
0
4
0
0
0
0
0
0
0
0
0
0
0
0
0
0
0
0
0
0
0
0
4
4
0
0
0
0
0
0
0
0
0
0
0
0
0
0
0
0
0
0
0
0
4
0
0
0
0
0
0
0
0
0
0
0
0
0
0
0
0
0
0
0
0
4
0
0
0
0
0
0
0
0
0
0
0
0
0
0
0
0
0
0
0
0
4
0
0
0
0
0
0
0
0
0
0
0
0
0
0
0
0
0
0
0
0
4
4
0
0
0
0
0
0
0
0
0
0
0
0
0
0
0
0
0
0
0
0
4
0
0
0
0
0
0
0
0
0
0
0
0
0
0
0
0
0
0
0
0
4
0
0
0
0
0
0
0
0
0
0
0
0
0
0
0
0
0
0
0
0
4
0
0
0
0
0
0
0
0
0
0
0
0
0
0
0
0
0
0
0
0
4
4
0
0
0
0
0
0
0
0
0
0
0
0
0
0
0
0
0
0
0
0
4
0
0
0
0
0
0
0
0
0
0
0
0
0
0
0
0
0
0
0
0
4
0
0
0
0
0
0
0
0
0
0
0
0
0
0
0
0
0
0
0
0
4
0
0
0
0
0
0
0
0
0
0
0
0
0
0
0
0
0
0
0
0
4
4
0
0
0
0
0
0
0
0
0
0
0
0
0
0
0
0
0
0
0
0
4
0
0
0
0
0
0
0
0
0
0
0
0
0
0
0
0
0
0
0
0
4
0
0
0
0
0
0
0
0
0
0
0
0
0
0
0
0
0
0
0
0
4
0
0
0
0
0
0
0
0
0
0
0
0
0
0
0
0
0
0
0
0
4
4
0
0
0
0
0
0
0
0
0
0
0
0
0
0
0
0
0
0
0
0
4
0
0
0
0
0
0
0
0
0
0
0
0
0
0
0
0
0
0
0
0
4
0
0
0
0
0
0
0
0
0
0
0
0
0
0
0
0
0
0
0
0
4
0
0
0
0
0
0
0
0
0
0
0
0
0
0
0
0
0
0
0
0
4
4
0
0
0
0
0
0
0
0
0
0
0
0
0
0
0
0
0
0
0
0
4
0
0
0
0
0
0
0
0
0
0
0
0
0
0
0
0
0
0
0
0
4
0
0
0
0
0
0
0
0
0
0
0
0
0
0
0
0
0
0
0
0
4
0
0
0
0
0
0
0
0
0
0
0
0
0
0
0
0
0
0
0
0
4
4
0
0
0
0
0
0
0
0
0
0
0
0
0
0
0
0
0
0
0
0
4
0
0
0
0
0
0
0
0
0
0
0
0
0
0
0
0
0
0
0
0
4
0
0
0
0
0
0
0
0
0
0
0
0
0
0
0
0
0
0
0
0
4
0
0
0
0
0
0
0
0
0
0
0
0
0
0
0
0
0
0
0
0
4
4
0
0
0
0
0
0
0
0
0
0
0
0
0
0
0
0
0
0
0
0
4
0
0
0
0
0
0
0
0
0
0
0
0
0
0
0
0
0
0
0
0
4
0
0
0
0
0
0
0
0
0
0
0
0
0
0
0
0
0
0
0
0
4
0
0
0
0
0
0
0
0
0
0
0
0
0
0
0
0
0
0
0
0
4
4
0
0
0
0
0
0
0
0
0
0
0
0
0
0
0
0
0
0
0
0
4
0
0
0
0
0
0
0
0
0
0
0
0
0
0
0
0
0
0
0
0
4
0
0
0
0
0
0
0
0
0
0
0
0
0
0
0
0
0
0
0
0
4
0
0
0
0
0
0
0
0
0
0
0
0
0
0
0
0
0
0
0
0
4
4
0
0
0
0
0
0
0
0
0
0
0
0
0
0
0
0
0
0
0
0
4
0
0
0
0
0
0
0
0
0
0
0
0
0
0
0
0
0
0
0
0
4
0
0
0
0
0
0
0
0
0
0
0
0
0
0
0
0
0
0
0
0
4
0
0
0
0
0
0
0
0
0
0
0
0
0
0
0
0
0
0
0
0
4
4
0
0
0
0
0
0
0
0
0
0
0
0
0
0
0
0
0
0
0
0
4
0
0
0
0
0
0
0
0
0
0
0
0
0
0
0
0
0
0
0
0
4
0
0
0
0
0
0
0
0
0
0
0
0
0
0
0
0
0
0
0
0
4
0
0
0
0
0
0
0
0
0
0
0
0
0
0
0
0
0
0
0
0
4
4
0
0
0
0
0
0
0
0
0
0
0
0
0
0
0
0
0
0
0
0
4
0
0
0
0
0
0
0
0
0
0
0
0
0
0
0
0
0
0
0
0
4
0
0
0
0
0
0
0
0
0
0
0
0
0
0
0
0
0
0
0
0
4
0
0
0
0
0
0
0
0
0
0
0
0
0
0
0
0
0
0
0
0
4
4
0
0
0
0
0
0
0
0
0
0
0
0
0
0
0
0
0
0
0
0
4
0
0
0
0
0
0
0
0
0
0
0
0
0
0
0
0
0
0
0
0
4
0
0
0
0
0
0
0
0
0
0
0
0
0
0
0
0
0
0
0
0
4
0
0
0
0
0
0
0
0
0
0
0
0
0
0
0
0
0
0
0
0
18
4
4
58535257
51211560
12880929
12533246
50037714
97394647
84869419
21422637
21498832
85750955
-15796384
-12940137
-3220692.2
-3322963.6
-13290443
4902700.4
4278725.1
1076880
1080641.7
4314659.2
4
1.6715528e+08
1.5945209e+08
39782863
42458826
1.6912943e+08
3.0199705e+08
2.7757076e+08
68946652
72573726
2.8949614e+08
-40421803
-39110416
-9907326.6
-10784415
-42813725
14207206
13551641
3379565.7
3617153
14411035
4
-7705915
25193094
8234052.1
7069777.5
23963286
18802981
78867435
24772010
19683445
68491111
12849762
2822018.4
920333.82
548076.9
2649655.6
-158663.55
2819915.3
898784.98
680272.46
2351293.1
4
5199217.2
7335903.1
2546124.4
1475780.2
5364741.5
7976152.7
15062427
5623409.9
3065525.5
10815956
-878529.66
-450661.94
-40579.071
-153647.8
-628196.08
411795.68
604570.53
211507.04
123025.43
449557.55
4
4
1.4562324e+08
1.2404617e+08
31198301
31985180
1.2768354e+08
2.518828e+08
2.1790133e+08
54995028
55789315
2.2248773e+08
-40730465
-32505398
-8079637.8
-8722492.2
-34886724
12769719
10956124
2757037.5
2853176.1
11390297
4
4.2988289e+08
4.0754239e+08
1.0173483e+08
1.0896398e+08
4.341308e+08
7.8608596e+08
7.2107904e+08
1.7916936e+08
1.8831528e+08
7.5136488e+08
-1.0502107e+08
-1.0173508e+08
-25813654
-27933955
-1.1090308e+08
37309827
35565927
8873422.9
9470398.2
37741028
4
-20670714
63769499
20745310
16739550
56066401
48628005
2.046216e+08
64131426
50825909
1.7629945e+08
34911415
9136896.8
2976258.2
2044026.1
9188859.6
-470033.52
7268404
2314629.3
1713125
5885005.5
4
13436675
18599634
6464054
3986471
14497381
20891872
39300892
14699602
8236378.4
28941786
-2265935.5
-746350.13
95447.397
-426200.09
-1760607.2
1103379.2
1567110.4
545400.35
342161.18
1248403
4
4
-1.2628424e+08
-1.0807849e+08
-27182035
-27628847
-1.102956e+08
-2.1723095e+08
-1.8829462e+08
-47523361
-48105495
-1.9184852e+08
35155582
28234979
7019742.4
7514384.4
30054306
-10999033
-9473607
-2383977.9
-2453831.9
-9796220.5
4
-3.7085837e+08
-3.5215937e+08
-87905766
-93913643
-3.741559e+08
-6.7682027e+08
-6.2144896e+08
-1.5440598e+08
-1.6212485e+08
-6.4685258e+08
90428062
87767671
22263886
24022705
95375598
-32071286
-30612160
-7637185.3
-8136207.3
-32423145
4
17622495
-55268131
-17979489
-14675061
-49263543
-42067795
-1.7633252e+08
-55288207
-43938878
-1.524889e+08
-29791376
-7599502.7
-2477255.9
-1638021.6
-7466298.9
384253.85
-6270439.2
-1996766.4
-1490071.7
-5124701.9
4
-11568753
-16039069
-5571230
-3403396.5
-12381998
-17980717
-33833369
-12643776
-7065948.4
-24845957
1953616.9
699115.66
-56612.199
365850.82
1508112.7
-945166.07
-1348606.5
-469403.41
-291881.88
-1065342.9
4
4
55293945
47377333
11915513
12085379
48245590
94985689
82370718
20789487
21033011
83881731
-15373889
-12365899
-3074559.2
-3284376.7
-13136048
4807785.9
4144868.7
1043034
1072145.7
4280251.5
4
1.6218112e+08
1.5406698e+08
38457610
41062951
1.6359534e+08
2.9583606e+08
2.7169471e+08
67504746
70864044
2.8273469e+08
-39525026
-38378143
-9734703.3
-10497590
-41677907
14012488
13378883
3337753.6
3554506.9
14164764
4
-7683263.4
24196735
7871664.8
6443846.9
21643839
18406080
77090200
24173693
19222845
66720880
12994288
3293658
1073822.5
703516.27
3217928.9
-166023.82
2742026.1
873176.83
652813.46
2245793.3
4
5056611.3
7013886.1
2436070.3
1484785
5402101.1
7858441.8
14787813
5525314.7
3085609.2
10851722
-854151.23
-311684.32
21946.195
-159743.4
-658138.64
412607.61
589429.9
205174.4
127281.67
464601.6
4
4
0
0
0
0
0
0
0
0
0
0
0
0
0
0
0
0
0
0
0
0
4
0
0
0
0
0
0
0
0
0
0
0
0
0
0
0
0
0
0
0
0
4
0
0
0
0
0
0
0
0
0
0
0
0
0
0
0
0
0
0
0
0
4
0
0
0
0
0
0
0
0
0
0
0
0
0
0
0
0
0
0
0
0
4
4
0
0
0
0
0
0
0
0
0
0
0
0
0
0
0
0
0
0
0
0
4
0
0
0
0
0
0
0
0
0
0
0
0
0
0
0
0
0
0
0
0
4
0
0
0
0
0
0
0
0
0
0
0
0
0
0
0
0
0
0
0
0
4
0
0
0
0
0
0
0
0
0
0
0
0
0
0
0
0
0
0
0
0
4
4
0
0
0
0
0
0
0
0
0
0
0
0
0
0
0
0
0
0
0
0
4
0
0
0
0
0
0
0
0
0
0
0
0
0
0
0
0
0
0
0
0
4
0
0
0
0
0
0
0
0
0
0
0
0
0
0
0
0
0
0
0
0
4
0
0
0
0
0
0
0
0
0
0
0
0
0
0
0
0
0
0
0
0
4
4
0
0
0
0
0
0
0
0
0
0
0
0
0
0
0
0
0
0
0
0
4
0
0
0
0
0
0
0
0
0
0
0
0
0
0
0
0
0
0
0
0
4
0
0
0
0
0
0
0
0
0
0
0
0
0
0
0
0
0
0
0
0
4
0
0
0
0
0
0
0
0
0
0
0
0
0
0
0
0
0
0
0
0
4
4
0
0
0
0
0
0
0
0
0
0
0
0
0
0
0
0
0
0
0
0
4
0
0
0
0
0
0
0
0
0
0
0
0
0
0
0
0
0
0
0
0
4
0
0
0
0
0
0
0
0
0
0
0
0
0
0
0
0
0
0
0
0
4
0
0
0
0
0
0
0
0
0
0
0
0
0
0
0
0
0
0
0
0
4
4
0
0
0
0
0
0
0
0
0
0
0
0
0
0
0
0
0
0
0
0
4
0
0
0
0
0
0
0
0
0
0
0
0
0
0
0
0
0
0
0
0
4
0
0
0
0
0
0
0
0
0
0
0
0
0
0
0
0
0
0
0
0
4
0
0
0
0
0
0
0
0
0
0
0
0
0
0
0
0
0
0
0
0
4
4
0
0
0
0
0
0
0
0
0
0
0
0
0
0
0
0
0
0
0
0
4
0
0
0
0
0
0
0
0
0
0
0
0
0
0
0
0
0
0
0
0
4
0
0
0
0
0
0
0
0
0
0
0
0
0
0
0
0
0
0
0
0
4
0
0
0
0
0
0
0
0
0
0
0
0
0
0
0
0
0
0
0
0
4
4
0
0
0
0
0
0
0
0
0
0
0
0
0
0
0
0
0
0
0
0
4
0
0
0
0
0
0
0
0
0
0
0
0
0
0
0
0
0
0
0
0
4
0
0
0
0
0
0
0
0
0
0
0
0
0
0
0
0
0
0
0
0
4
0
0
0
0
0
0
0
0
0
0
0
0
0
0
0
0
0
0
0
0
4
4
0
0
0
0
0
0
0
0
0
0
0
0
0
0
0
0
0
0
0
0
4
0
0
0
0
0
0
0
0
0
0
0
0
0
0
0
0
0
0
0
0
4
0
0
0
0
0
0
0
0
0
0
0
0
0
0
0
0
0
0
0
0
4
0
0
0
0
0
0
0
0
0
0
0
0
0
0
0
0
0
0
0
0
4
4
0
0
0
0
0
0
0
0
0
0
0
0
0
0
0
0
0
0
0
0
4
0
0
0
0
0
0
0
0
0
0
0
0
0
0
0
0
0
0
0
0
4
0
0
0
0
0
0
0
0
0
0
0
0
0
0
0
0
0
0
0
0
4
0
0
0
0
0
0
0
0
0
0
0
0
0
0
0
0
0
0
0
0
4
4
0
0
0
0
0
0
0
0
0
0
0
0
0
0
0
0
0
0
0
0
4
0
0
0
0
0
0
0
0
0
0
0
0
0
0
0
0
0
0
0
0
4
0
0
0
0
0
0
0
0
0
0
0
0
0
0
0
0
0
0
0
0
4
0
0
0
0
0
0
0
0
0
0
0
0
0
0
0
0
0
0
0
0
4
4
0
0
0
0
0
0
0
0
0
0
0
0
0
0
0
0
0
0
0
0
4
0
0
0
0
0
0
0
0
0
0
0
0
0
0
0
0
0
0
0
0
4
0
0
0
0
0
0
0
0
0
0
0
0
0
0
0
0
0
0
0
0
4
0
0
0
0
0
0
0
0
0
0
0
0
0
0
0
0
0
0
0
0
4
4
0
0
0
0
0
0
0
0
0
0
0
0
0
0
0
0
0
0
0
0
4
0
0
0
0
0
0
0
0
0
0
0
0
0
0
0
0
0
0
0
0
4
0
0
0
0
0
0
0
0
0
0
0
0
0
0
0
0
0
0
0
0
4
0
0
0
0
0
0
0
0
0
0
0
0
0
0
0
0
0
0
0
0
4
4
0
0
0
0
0
0
0
0
0
0
0
0
0
0
0
0
0
0
0
0
4
0
0
0
0
0
0
0
0
0
0
0
0
0
0
0
0
0
0
0
0
4
0
0
0
0
0
0
0
0
0
0
0
0
0
0
0
0
0
0
0
0
4
0
0
0
0
0
0
0
0
0
0
0
0
0
0
0
0
0
0
0
0
18
4
4
-991698.16
-832215.82
-209338.57
-225137.95
-899069.53
-1645411.2
-1420197.1
-358307.28
-370545.31
-1478060.3
290265.55
232097.96
57614.916
65813.13
263487.76
-85354.239
-72545.913
-18252.535
-19675.909
-78572.378
4
-2788792
-2774811.7
-693078.68
-677105.15
-2695861.5
-4823357.1
-4531759.2
-1126533.3
-1148137.5
-4578944.9
688510.69
702416.24
178786.71
178962.26
708989.79
-235396.82
-230520.98
-57546.058
-58813.427
-234232.17
4
117590.25
-519884.08
-165931.33
-71822.035
-225130.59
-226469.79
-1224947.9
-390421.24
-263106.54
-885172.36
-225202.04
-40413.572
-15179.658
-24794.03
-98989.758
4298.2772
-48911.791
-15674.759
-7946.5233
-26155.495
4
-80420.502
-108689.57
-39911.657
-23339.693
-84691.913
-129829.97
-240531.23
-93302.491
-49542.881
-171154.61
13475.425
35.70043
-2608.0179
1826.7063
9059.5084
-6995.5174
-9512.418
-3457.6404
-2095.4444
-7605.2013
4
4
99066658
86577055
21775131
22266911
88864759
1.6548793e+08
1.4542364e+08
36710220
36492963
1.455018e+08
-27483231
-22871191
-5680374.2
-5934221.3
-23735260
8311299.6
7292952.9
1835182.4
1855572.5
7405096.5
4
2.8130247e+08
2.7758936e+08
69310480
70229879
2.7985249e+08
5.0454068e+08
4.7348408e+08
1.1764151e+08
1.19504e+08
4.7680168e+08
-70358412
-71757627
-18241986
-18027399
-71535116
24056243
23614880
5894508.3
5962830.5
23766370
4
-11412311
46353280
15177318
11434633
37431172
28919348
1.3163477e+08
41985171
30734586
1.0424371e+08
22227058
5215622.9
1814779.3
1434582.9
6331299.2
-362196.06
4716123.3
1525800.1
1038201
3471138
4
8406139.9
11641815
4126736.1
2659606.2
9500711.2
13204702
24877497
9638000.5
5316963
18287317
-1438867.3
-346000.81
117181.7
-325235.52
-1310051.4
703761.69
984245.9
353735.17
231371.12
825335.4
4
4
22699701
18951629
4767481.9
5172118.6
20655658
38152563
32799538
8275380.9
8617400.2
34373032
-6715256
-5326239
-1321884.2
-1528845.1
-6120852.8
1977998.2
1671918.8
420651.17
457447.95
1826746.9
4
64700858
64640277
16147567
15745287
62679176
1.1279265e+08
1.0630653e+08
26430984
26835620
1.0702545e+08
-16153747
-16622215
-4231012
-4186317.8
-16584600
5505016.6
5421034.7
1353577
1373361.7
5469422
4
-2583622.7
12158292
3870557.5
1784845.3
5678759.6
5398146.3
28626970
9113815.9
6222745.9
20957639
5219281.5
941100.73
356653.91
548502.39
2199205.4
-97326.451
1137884.8
364087.04
190159.85
627851.4
4
1845592.7
2495492.3
919286.4
531314.7
1926207.2
3018571.3
5578372.2
2166584.3
1158481.9
4000874.8
-310837.88
4774.7527
61460.197
-43304.788
-212681.61
162338.7
220067.23
80168.674
48902.465
177332.97
4
4
-7300545.6
-6106864.5
-1536210
-1662018.5
-6637393.1
-12225379
-10523588
-2655099.8
-2758863.2
-11004568
2153207.8
1712606.7
425068.97
489579.42
1960052.2
-633896.98
-536820.74
-135062.58
-146452.92
-584833.68
4
-20727952
-20677841
-5165257.9
-5043786.4
-20079420
-36056403
-33951279
-8440849.4
-8579519.1
-34216803
5158300
5294658.1
1347682.2
1337773.4
5299849.3
-1759491.7
-1729847.3
-431899.27
-439110.43
-1748788.5
4
843321.26
-3878597
-1236025.7
-562093.86
-1781335.7
-1717733.2
-9153857
-2915285.8
-1984291.2
-6681132.9
-1672478
-301977.69
-114047.28
-177674.44
-711833.36
31492.53
-363972.16
-116522.73
-60467.484
-199476.42
4
-593613.55
-802588.99
-295292.56
-171422.38
-621602.85
-966812.74
-1787439
-693913.4
-370600.48
-1279972.4
99922.77
-753.73864
-19505.548
13912.295
68283.242
-52022.661
-70573.837
-25688.218
-15658.172
-56786.507
4
4
0
0
0
0
0
0
0
0
0
0
0
0
0
0
0
0
0
0
0
0
4
0
0
0
0
0
0
0
0
0
0
0
0
0
0
0
0
0
0
0
0
4
0
0
0
0
0
0
0
0
0
0
0
0
0
0
0
0
0
0
0
0
4
0
0
0
0
0
0
0
0
0
0
0
0
0
0
0
0
0
0
0
0
4
4
0
0
0
0
0
0
0
0
0
0
0
0
0
0
0
0
0
0
0
0
4
0
0
0
0
0
0
0
0
0
0
0
0
0
0
0
0
0
0
0
0
4
0
0
0
0
0
0
0
0
0
0
0
0
0
0
0
0
0
0
0
0
4
0
0
0
0
0
0
0
0
0
0
0
0
0
0
0
0
0
0
0
0
4
4
0
0
0
0
0
0
0
0
0
0
0
0
0
0
0
0
0
0
0
0
4
0
0
0
0
0
0
0
0
0
0
0
0
0
0
0
0
0
0
0
0
4
0
0
0
0
0
0
0
0
0
0
0
0
0
0
0
0
0
0
0
0
4
0
0
0
0
0
0
0
0
0
0
0
0
0
0
0
0
0
0
0
0
4
4
0
0
0
0
0
0
0
0
0
0
0
0
0
0
0
0
0
0
0
0
4
0
0
0
0
0
0
0
0
0
0
0
0
0
0
0
0
0
0
0
0
4
0
0
0
0
0
0
0
0
0
0
0
0
0
0
0
0
0
0
0
0
4
0
0
0
0
0
0
0
0
0
0
0
0
0
0
0
0
0
0
0
0
4
4
0
0
0
0
0
0
0
0
0
0
0
0
0
0
0
0
0
0
0
0
4
0
0
0
0
0
0
0
0
0
0
0
0
0
0
0
0
0
0
0
0
4
0
0
0
0
0
0
0
0
0
0
0
0
0
0
0
0
0
0
0
0
4
0
0
0
0
0
0
0
0
0
0
0
0
0
0
0
0
0
0
0
0
4
4
0
0
0
0
0
0
0
0
0
0
0
0
0
0
0
0
0
0
0
0
4
0
0
0
0
0
0
0
0
0
0
0
0
0
0
0
0
0
0
0
0
4
0
0
0
0
0
0
0
0
0
0
0
0
0
0
0
0
0
0
0
0
4
0
0
0
0
0
0
0
0
0
0
0
0
0
0
0
0
0
0
0
0
4
4
0
0
0
0
0
0
0
0
0
0
0
0
0
0
0
0
0
0
0
0
4
0
0
0
0
0
0
0
0
0
0
0
0
0
0
0
0
0
0
0
0
4
0
0
0
0
0
0
0
0
0
0
0
0
0
0
0
0
0
0
0
0
4
0
0
0
0
0
0
0
0
0
0
0
0
0
0
0
0
0
0
0
0
4
4
0
0
0
0
0
0
0
0
0
0
0
0
0
0
0
0
0
0
0
0
4
0
0
0
0
0
0
0
0
0
0
0
0
0
0
0
0
0
0
0
0
4
0
0
0
0
0
0
0
0
0
0
0
0
0
0
0
0
0
0
0
0
4
0
0
0
0
0
0
0
0
0
0
0
0
0
0
0
0
0
0
0
0
4
4
0
0
0
0
0
0
0
0
0
0
0
0
0
0
0
0
0
0
0
0
4
0
0
0
0
0
0
0
0
0
0
0
0
0
0
0
0
0
0
0
0
4
0
0
0
0
0
0
0
0
0
0
0
0
0
0
0
0
0
0
0
0
4
0
0
0
0
0
0
0
0
0
0
0
0
0
0
0
0
0
0
0
0
4
4
0
0
0
0
0
0
0
0
0
0
0
0
0
0
0
0
0
0
0
0
4
0
0
0
0
0
0
0
0
0
0
0
0
0
0
0
0
0
0
0
0
4
0
0
0
0
0
0
0
0
0
0
0
0
0
0
0
0
0
0
0
0
4
0
0
0
0
0
0
0
0
0
0
0
0
0
0
0
0
0
0
0
0
4
4
0
0
0
0
0
0
0
0
0
0
0
0
0
0
0
0
0
0
0
0
4
0
0
0
0
0
0
0
0
0
0
0
0
0
0
0
0
0
0
0
0
4
0
0
0
0
0
0
0
0
0
0
0
0
0
0
0
0
0
0
0
0
4
0
0
0
0
0
0
0
0
0
0
0
0
0
0
0
0
0
0
0
0
4
4
0
0
0
0
0
0
0
0
0
0
0
0
0
0
0
0
0
0
0
0
4
0
0
0
0
0
0
0
0
0
0
0
0
0
0
0
0
0
0
0
0
4
0
0
0
0
0
0
0
0
0
0
0
0
0
0
0
0
0
0
0
0
4
0
0
0
0
0
0
0
0
0
0
0
0
0
0
0
0
0
0
0
0
4
4
0
0
0
0
0
0
0
0
0
0
0
0
0
0
0
0
0
0
0
0
4
0
0
0
0
0
0
0
0
0
0
0
0
0
0
0
0
0
0
0
0
4
0
0
0
0
0
0
0
0
0
0
0
0
0
0
0
0
0
0
0
0
4
0
0
0
0
0
0
0
0
0
0
0
0
0
0
0
0
0
0
0
0
4
4
0
0
0
0
0
0
0
0
0
0
0
0
0
0
0
0
0
0
0
0
4
0
0
0
0
0
0
0
0
0
0
0
0
0
0
0
0
0
0
0
0
4
0
0
0
0
0
0
0
0
0
0
0
0
0
0
0
0
0
0
0
0
4
0
0
0
0
0
0
0
0
0
0
0
0
0
0
0
0
0
0
0
0
18
4
4
1595136.7
1330958.7
334819.13
338900.92
1352470.9
2738214.5
2432266.9
614222.83
579707.6
2311884
-458917.31
-392347.4
-97458.656
-89587.885
-358625.29
136485.25
121152.95
30488.413
28397.101
113374.95
4
4437376.3
4147292.2
1035488.8
1082789.9
4311902.9
8166385.6
7806320.1
1938977.2
1900834.8
7575853.4
-1142148.2
-1190040.1
-302682.64
-281320.19
-1113858.1
383448.43
381400.96
95208.809
92696.889
368920.34
4
-263942.51
495406.54
178036.38
165411.26
522062.15
302420.46
1839225.7
619652.8
499642.83
1666688.3
366864.27
155107.45
49470.517
15723.018
71699.187
-12419.05
56451.48
19836.241
16935.728
56166.43
4
129759.34
159906.39
54692.99
37725.038
133177.47
215584.78
376178.7
142798.33
74068.636
251840.12
-25891.624
-8044.9312
2530.1961
-3269.2322
-13812.919
11164.269
14627.764
4998.1756
2980.1181
10555.22
4
4
1.075845e+08
91494392
23004461
23260873
92870312
1.817221e+08
1.5969207e+08
40320804
39157424
1.5614841e+08
-30976331
-26193328
-6505718.9
-6232743.1
-24958023
9186563.7
8092600.9
2036866.3
1952092.7
7794438.2
4
2.7894594e+08
2.7382455e+08
68413371
69148065
2.7522842e+08
5.2666463e+08
5.0319047e+08
1.2499676e+08
1.2391997e+08
4.9402929e+08
-71600323
-75258157
-19159246
-18276099
-72324904
24619137
24571562
6130930.2
6069800.3
24157940
4
-14691169
45629328
15315139
10275226
32439195
21531335
1.2827273e+08
42595024
33255677
1.1048992e+08
24181313
7165397.5
2423619.7
1256207.8
5474962.2
-672170.52
4492694.5
1526695.8
1116903.9
3694538.4
4
8496205.9
10161307
3567160.8
2420795.5
8644682.6
14109141
24432307
9496183.3
5023555.4
17044282
-1719244.7
-366454.75
187982.6
-202953.23
-935292.06
752398.65
967612.32
344036.63
202979.08
723807.51
4
4
-16219909
-13581474
-3416151.1
-3458132.2
-13801142
-27677753
-24568989
-6204285.7
-5858400.6
-23363513
4694832.1
4014820.4
997297.73
920796.15
3685772.1
-1387579.8
-1231307.3
-309818.75
-289318.4
-1155108.3
4
-44896189
-42060981
-10503122
-10978771
-43717644
-82498020
-78949633
-19610938
-19171067
-76407221
11681273
12183155
3098688.7
2870571.4
11366912
-3895172.1
-3878973.3
-968512.76
-940561.76
-3743290.4
4
2739565.2
-4687979.6
-1706177.5
-1659790.5
-5237028.1
-2944243.9
-18284294
-6173479.2
-5001360.6
-16675510
-3730504.7
-1648574.9
-523146.85
-168449.83
-760965.12
132816.43
-548977.8
-194015.58
-168580.98
-558244.73
4
-1317374.4
-1620035.6
-552714.77
-379772.44
-1341807.7
-2182401.8
-3803992.6
-1444354.2
-745662.35
-2537138
268075.22
85437.843
-24154.082
34464.679
144865.56
-113559.83
-147729.4
-50398.824
-30187.267
-107041.94
4
4
6063894.9
5074546.6
1276436
1291819.1
5155516.6
10365207
9201708.5
2323679.6
2194309.3
8750963.4
-1753171.4
-1499066
-372372.69
-343537.24
-1375135.3
518921.57
460503.92
115875.06
108158.56
431823.87
4
16805122
15740050
3930382.4
4108255.2
16359239
30897936
29563247
7343361.3
7183021.1
28628341
-4361995
-4549128.5
-1157037.3
-1072693.6
-4247554.6
1456974.9
1450672.4
362188.68
351946.39
1400694.2
4
-1017526.7
1789987.3
648873.87
622549.32
1964566.5
1114270.4
6879000.1
2321172.9
1877890
6261843.2
1395100.1
609013.3
193518.54
62324.607
282090.91
-49022.505
207825.17
73326.076
63366.438
209903.13
4
492657.08
606098.56
206957.43
142277.33
502638.03
816973
1424537.8
540936.97
279590.86
951136.64
-99849.144
-31653.798
9145.8431
-12786.338
-53829.783
42470.474
55348.093
18894.919
11302.66
40069.729
4
4
0
0
0
0
0
0
0
0
0
0
0
0
0
0
0
0
0
0
0
0
4
0
0
0
0
0
0
0
0
0
0
0
0
0
0
0
0
0
0
0
0
4
0
0
0
0
0
0
0
0
0
0
0
0
0
0
0
0
0
0
0
0
4
0
0
0
0
0
0
0
0
0
0
0
0
0
0
0
0
0
0
0
0
4
4
0
0
0
0
0
0
0
0
0
0
0
0
0
0
0
0
0
0
0
0
4
0
0
0
0
0
0
0
0
0
0
0
0
0
0
0
0
0
0
0
0
4
0
0
0
0
0
0
0
0
0
0
0
0
0
0
0
0
0
0
0
0
4
0
0
0
0
0
0
0
0
0
0
0
0
0
0
0
0
0
0
0
0
4
4
0
0
0
0
0
0
0
0
0
0
0
0
0
0
0
0
0
0
0
0
4
0
0
0
0
0
0
0
0
0
0
0
0
0
0
0
0
0
0
0
0
4
0
0
0
0
0
0
0
0
0
0
0
0
0
0
0
0
0
0
0
0
4
0
0
0
0
0
0
0
0
0
0
0
0
0
0
0
0
0
0
0
0
4
4
0
0
0
0
0
0
0
0
0
0
0
0
0
0
0
0
0
0
0
0
4
0
0
0
0
0
0
0
0
0
0
0
0
0
0
0
0
0
0
0
0
4
0
0
0
0
0
0
0
0
0
0
0
0
0
0
0
0
0
0
0
0
4
0
0
0
0
0
0
0
0
0
0
0
0
0
0
0
0
0
0
0
0
4
4
0
0
0
0
0
0
0
0
0
0
0
0
0
0
0
0
0
0
0
0
4
0
0
0
0
0
0
0
0
0
0
0
0
0
0
0
0
0
0
0
0
4
0
0
0
0
0
0
0
0
0
0
0
0
0
0
0
0
0
0
0
0
4
0
0
0
0
0
0
0
0
0
0
0
0
0
0
0
0
0
0
0
0
4
4
0
0
0
0
0
0
0
0
0
0
0
0
0
0
0
0
0
0
0
0
4
0
0
0
0
0
0
0
0
0
0
0
0
0
0
0
0
0
0
0
0
4
0
0
0
0
0
0
0
0
0
0
0
0
0
0
0
0
0
0
0
0
4
0
0
0
0
0
0
0
0
0
0
0
0
0
0
0
0
0
0
0
0
4
4
0
0
0
0
0
0
0
0
0
0
0
0
0
0
0
0
0
0
0
0
4
0
0
0
0
0
0
0
0
0
0
0
0
0
0
0
0
0
0
0
0
4
0
0
0
0
0
0
0
0
0
0
0
0
0
0
0
0
0
0
0
0
4
0
0
0
0
0
0
0
0
0
0
0
0
0
0
0
0
0
0
0
0
4
4
0
0
0
0
0
0
0
0
0
0
0
0
0
0
0
0
0
0
0
0
4
0
0
0
0
0
0
0
0
0
0
0
0
0
0
0
0
0
0
0
0
4
0
0
0
0
0
0
0
0
0
0
0
0
0
0
0
0
0
0
0
0
4
0
0
0
0
0
0
0
0
0
0
0
0
0
0
0
0
0
0
0
0
4
4
0
0
0
0
0
0
0
0
0
0
0
0
0
0
0
0
0
0
0
0
4
0
0
0
0
0
0
0
0
0
0
0
0
0
0
0
0
0
0
0
0
4
0
0
0
0
0
0
0
0
0
0
0
0
0
0
0
0
0
0
0
0
4
0
0
0
0
0
0
0
0
0
0
0
0
0
0
0
0
0
0
0
0
4
4
0
0
0
0
0
0
0
0
0
0
0
0
0
0
0
0
0
0
0
0
4
0
0
0
0
0
0
0
0
0
0
0
0
0
0
0
0
0
0
0
0
4
0
0
0
0
0
0
0
0
0
0
0
0
0
0
0
0
0
0
0
0
4
0
0
0
0
0
0
0
0
0
0
0
0
0
0
0
0
0
0
0
0
4
4
0
0
0
0
0
0
0
0
0
0
0
0
0
0
0
0
0
0
0
0
4
0
0
0
0
0
0
0
0
0
0
0
0
0
0
0
0
0
0
0
0
4
0
0
0
0
0
0
0
0
0
0
0
0
0
0
0
0
0
0
0
0
4
0
0
0
0
0
0
0
0
0
0
0
0
0
0
0
0
0
0
0
0
4
4
0
0
0
0
0
0
0
0
0
0
0
0
0
0
0
0
0
0
0
0
4
0
0
0
0
0
0
0
0
0
0
0
0
0
0
0
0
0
0
0
0
4
0
0
0
0
0
0
0
0
0
0
0
0
0
0
0
0
0
0
0
0
4
0
0
0
0
0
0
0
0
0
0
0
0
0
0
0
0
0
0
0
0
4
4
0
0
0
0
0
0
0
0
0
0
0
0
0
0
0
0
0
0
0
0
4
0
0
0
0
0
0
0
0
0
0
0
0
0
0
0
0
0
0
0
0
4
0
0
0
0
0
0
0
0
0
0
0
0
0
0
0
0
0
0
0
0
4
0
0
0
0
0
0
0
0
0
0
0
0
0
0
0
0
0
0
0
0
4
4
0
0
0
0
0
0
0
0
0
0
0
0
0
0
0
0
0
0
0
0
4
0
0
0
0
0
0
0
0
0
0
0
0
0
0
0
0
0
0
0
0
4
0
0
0
0
0
0
0
0
0
0
0
0
0
0
0
0
0
0
0
0
4
0
0
0
0
0
0
0
0
0
0
0
0
0
0
0
0
0
0
0
0
18
4
4
4627315.1
3793349.2
954779.29
1061921
4237018
6940584.8
6012786.4
1520134.6
1511042.9
6022347.5
-1161238.7
-944703.11
-234940.78
-241022.54
-964317.12
346631.86
298566.31
75282.369
75301.209
300413.78
4
13013710
12618562
3151443.3
3266981.6
13013306
21657672
20179732
5008401.5
5170992.3
20619606
-3294397.9
-3258730.1
-826932.45
-847781.06
-3359516.2
1053204.1
1014037.2
252688.39
262124.96
1043900
4
-528561.52
1954871.4
665168.24
622636.18
1981797.4
857263.94
5017430.3
1687749.6
1403575.7
4627653.4
863942.71
116682.47
42531.983
-20676.908
-24551.378
-15241.163
194097.94
66247.268
56604.984
186778.56
4
392286.21
475658.29
178227.79
125133.13
433945.4
573504.44
1035969.9
412696.69
214667.73
708538.65
-68292.459
-29506.03
-490.85153
-12838.389
-49936.777
30444.899
42473.786
16023.221
9251.163
31628.146
4
4
1.1295565e+08
94735230
23844605
25251796
1.0072488e+08
1.7139579e+08
1.4892148e+08
37654205
37171636
1.4813262e+08
-29112197
-24035396
-5976132
-5973558
-23898312
8661998.2
7530081.5
1898648.7
1866128.3
7443938.2
4
3.1696554e+08
3.0763386e+08
76802737
78894126
3.1439282e+08
5.3148027e+08
4.9395681e+08
1.2255142e+08
1.2685948e+08
5.0594396e+08
-79415371
-78752026
-19996200
-20395722
-80829349
25710643
24774553
6171168.3
6378087.8
25407247
4
-15491772
43129627
15033930
14503771
45669956
21700508
1.2361568e+08
41620518
34701492
1.1425901e+08
21865967
4211854.7
1451043.5
-330993.55
37431.798
-407854.04
4648186.9
1598710.3
1379546.5
4539040.4
4
9752020.3
12282177
4551521.4
3128082.5
10784042
14082191
25948243
10397093
5354618.8
17606429
-1645311.1
-663380.59
31007.218
-315101.57
-1224249
757358.91
1071799.7
404371.16
233178.49
794339.94
4
4
-38841432
-32057617
-8068149.1
-8830806.6
-35231491
-58268324
-50539833
-12776732
-12665523
-50478345
9839233.1
8047257.7
2001099
2033658.2
8136392.6
-2926136
-2528041.3
-637369.9
-633539
-2527436
4
-1.0851951e+08
-1.0500477e+08
-26222779
-27119994
-1.0804324e+08
-1.8109096e+08
-1.6851457e+08
-41821926
-43196094
-1.7225384e+08
27449562
27113515
6882180.2
7044970.5
27918048
-8795217.8
-8458360
-2107641.9
-2183777.2
-8697485.5
4
4724767.9
-15665543
-5374452.6
-5168077.3
-16410883
-7117105.6
-41790520
-14066183
-11741848
-38691147
-7309080.9
-1176721.2
-416041.92
162904.55
166839.81
137335.7
-1595272.9
-546322.44
-473055.95
-1559486.7
4
-3304734.5
-4034583.2
-1503129.4
-1053713.9
-3645627.9
-4808843
-8701109.7
-3468412.4
-1803353.9
-5949125.8
573914.82
239964.21
-2022.9641
108054.16
420359.97
-256576.12
-357609.71
-134581.61
-78041.495
-266653.61
4
4
14424736
11891193
2992762.2
3284871.3
13105577
21636448
18763368
4743491.9
4704398.4
18749431
-3648384.6
-2981289.7
-741364.24
-754675.12
-3019367.4
1085576.9
937404.8
236341.48
235181.29
938236.49
4
40337515
39041920
9750082.2
10087851
40187807
67285167
62626541
15542837
16051638
64008826
-10206991
-10083746
-2559427.1
-2620596.9
-10384918
3268764.5
3144053.7
783441.83
811893.31
3233533.7
4
-1735033.4
5863646.2
2008606.6
1923823.4
6112155.9
2645465.8
15534388
5228137.3
4361576
14373464
2710039.9
424432.59
150747.7
-61360.588
-65166.233
-50451.165
594352.78
203423.07
175791.1
579621.58
4
1226295.7
1494779.9
557392.44
390951.82
1353128.5
1786034.5
3229828.9
1287233.3
669423
2208667.2
-213154.92
-89555.866
392.10556
-40101.751
-156014.38
95211.804
132679.13
49946.526
28948.285
98924.925
4
4
0
0
0
0
0
0
0
0
0
0
0
0
0
0
0
0
0
0
0
0
4
0
0
0
0
0
0
0
0
0
0
0
0
0
0
0
0
0
0
0
0
4
0
0
0
0
0
0
0
0
0
0
0
0
0
0
0
0
0
0
0
0
4
0
0
0
0
0
0
0
0
0
0
0
0
0
0
0
0
0
0
0
0
4
4
0
0
0
0
0
0
0
0
0
0
0
0
0
0
0
0
0
0
0
0
4
0
0
0
0
0
0
0
0
0
0
0
0
0
0
0
0
0
0
0
0
4
0
0
0
0
0
0
0
0
0
0
0
0
0
0
0
0
0
0
0
0
4
0
0
0
0
0
0
0
0
0
0
0
0
0
0
0
0
0
0
0
0
4
4
0
0
0
0
0
0
0
0
0
0
0
0
0
0
0
0
0
0
0
0
4
0
0
0
0
0
0
0
0
0
0
0
0
0
0
0
0
0
0
0
0
4
0
0
0
0
0
0
0
0
0
0
0
0
0
0
0
0
0
0
0
0
4
0
0
0
0
0
0
0
0
0
0
0
0
0
0
0
0
0
0
0
0
4
4
0
0
0
0
0
0
0
0
0
0
0
0
0
0
0
0
0
0
0
0
4
0
0
0
0
0
0
0
0
0
0
0
0
0
0
0
0
0
0
0
0
4
0
0
0
0
0
0
0
0
0
0
0
0
0
0
0
0
0
0
0
0
4
0
0
0
0
0
0
0
0
0
0
0
0
0
0
0
0
0
0
0
0
4
4
0
0
0
0
0
0
0
0
0
0
0
0
0
0
0
0
0
0
0
0
4
0
0
0
0
0
0
0
0
0
0
0
0
0
0
0
0
0
0
0
0
4
0
0
0
0
0
0
0
0
0
0
0
0
0
0
0
0
0
0
0
0
4
0
0
0
0
0
0
0
0
0
0
0
0
0
0
0
0
0
0
0
0
4
4
0
0
0
0
0
0
0
0
0
0
0
0
0
0
0
0
0
0
0
0
4
0
0
0
0
0
0
0
0
0
0
0
0
0
0
0
0
0
0
0
0
4
0
0
0
0
0
0
0
0
0
0
0
0
0
0
0
0
0
0
0
0
4
0
0
0
0
0
0
0
0
0
0
0
0
0
0
0
0
0
0
0
0
4
4
0
0
0
0
0
0
0
0
0
0
0
0
0
0
0
0
0
0
0
0
4
0
0
0
0
0
0
0
0
0
0
0
0
0
0
0
0
0
0
0
0
4
0
0
0
0
0
0
0
0
0
0
0
0
0
0
0
0
0
0
0
0
4
0
0
0
0
0
0
0
0
0
0
0
0
0
0
0
0
0
0
0
0
4
4
0
0
0
0
0
0
0
0
0
0
0
0
0
0
0
0
0
0
0
0
4
0
0
0
0
0
0
0
0
0
0
0
0
0
0
0
0
0
0
0
0
4
0
0
0
0
0
0
0
0
0
0
0
0
0
0
0
0
0
0
0
0
4
0
0
0
0
0
0
0
0
0
0
0
0
0
0
0
0
0
0
0
0
4
4
0
0
0
0
0
0
0
0
0
0
0
0
0
0
0
0
0
0
0
0
4
0
0
0
0
0
0
0
0
0
0
0
0
0
0
0
0
0
0
0
0
4
0
0
0
0
0
0
0
0
0
0
0
0
0
0
0
0
0
0
0
0
4
0
0
0
0
0
0
0
0
0
0
0
0
0
0
0
0
0
0
0
0
4
4
0
0
0
0
0
0
0
0
0
0
0
0
0
0
0
0
0
0
0
0
4
0
0
0
0
0
0
0
0
0
0
0
0
0
0
0
0
0
0
0
0
4
0
0
0
0
0
0
0
0
0
0
0
0
0
0
0
0
0
0
0
0
4
0
0
0
0
0
0
0
0
0
0
0
0
0
0
0
0
0
0
0
0
4
4
0
0
0
0
0
0
0
0
0
0
0
0
0
0
0
0
0
0
0
0
4
0
0
0
0
0
0
0
0
0
0
0
0
0
0
0
0
0
0
0
0
4
0
0
0
0
0
0
0
0
0
0
0
0
0
0
0
0
0
0
0
0
4
0
0
0
0
0
0
0
0
0
0
0
0
0
0
0
0
0
0
0
0
4
4
0
0
0
0
0
0
0
0
0
0
0
0
0
0
0
0
0
0
0
0
4
0
0
0
0
0
0
0
0
0
0
0
0
0
0
0
0
0
0
0
0
4
0
0
0
0
0
0
0
0
0
0
0
0
0
0
0
0
0
0
0
0
4
0
0
0
0
0
0
0
0
0
0
0
0
0
0
0
0
0
0
0
0
4
4
0
0
0
0
0
0
0
0
0
0
0
0
0
0
0
0
0
0
0
0
4
0
0
0
0
0
0
0
0
0
0
0
0
0
0
0
0
0
0
0
0
4
0
0
0
0
0
0
0
0
0
0
0
0
0
0
0
0
0
0
0
0
4
0
0
0
0
0
0
0
0
0
0
0
0
0
0
0
0
0
0
0
0
4
4
0
0
0
0
0
0
0
0
0
0
0
0
0
0
0
0
0
0
0
0
4
0
0
0
0
0
0
0
0
0
0
0
0
0
0
0
0
0
0
0
0
4
0
0
0
0
0
0
0
0
0
0
0
0
0
0
0
0
0
0
0
0
4
0
0
0
0
0
0
0
0
0
0
0
0
0
0
0
0
0
0
0
0
18
4
4
8474797.3
7147905.1
1796598.6
1938526.3
7730498.3
10050299
8878515.9
2243378.8
2201284.4
8768877.5
-1885471.2
-1604380.3
-398427.3
-400785.44
-1603947.2
535548.14
472383.73
118956.9
117643.53
469328.27
4
23080117
21965767
5491342.3
5681831.1
22660256
31156889
29325088
7284156.3
7438129.2
29674893
-5032337.4
-5128846.9
-1305051.3
-1291997.6
-5117656.5
1549077.8
1521940.9
379746.96
385034.13
1533554.8
4
-2249389.5
1532164
646907.11
475139.67
1146485.8
1158670
6989090.4
2385878.6
1964542
6332053.1
1383539.9
356468.18
119411.14
40103.516
219103
-55959.263
240653.75
85718.224
65380.14
205688.57
4
799027.27
902193.56
302750.8
260193.74
911698.45
821420.81
1454973.4
580138.95
319730.43
1041352
-108838.37
-35531.401
10845.098
-19767.078
-83580.012
46883.006
61442.362
21980.818
13967.345
48341.898
4
4
1.2539649e+08
1.0744301e+08
27016067
28472230
1.1352577e+08
1.5139973e+08
1.3386594e+08
33833920
33065572
1.3168656e+08
-27959519
-23790579
-5908265.9
-5901898.1
-23615314
8029436
7091263.6
1786809.4
1757211
7008125.5
4
3.4330373e+08
3.2723054e+08
81748803
85040398
3.3919408e+08
4.6959184e+08
4.4042019e+08
1.0935152e+08
1.1222154e+08
4.478409e+08
-74544993
-75477890
-19206768
-19226012
-76173339
23247579
22723617
5664719.9
5788317.4
23063767
4
-31654630
24881999
10362544
8787469.7
23009250
20217389
1.0973376e+08
37290505
31368787
1.0135784e+08
20963777
5209920.9
1766895.7
331561.01
2387204.3
-734055.12
3819651.4
1355629.3
1082955.6
3425766.3
4
11840313
13877249
4708999
3888435.2
13564696
12316158
22187985
8930624.8
4947426.4
15993316
-1558774.4
-477861.59
172511.91
-300529.79
-1248100.8
706306.4
951467.84
346908.62
217893.03
746445.07
4
4
-56872708
-48297017
-12141284
-12966408
-51704311
-67966437
-60054866
-15175688
-14865884
-59213434
12683955
10788856
2679330.5
2688103.1
10756969
-3616707.3
-3190503
-803622.77
-793152.55
-3163826
4
-1.5508406e+08
-1.478025e+08
-36939034
-38293987
-1.5273168e+08
-2.1047005e+08
-1.97884e+08
-49146025
-50265920
-2.0056091e+08
33732341
34310699
8730791.7
8679195.4
34382208
-10441832
-10242009
-2554625.4
-2597730.1
-10348282
4
14740571
-10702782
-4491444
-3542846.3
-8919787
-8369367.6
-48086925
-16378344
-13604097
-43901353
-9360354
-2356568.1
-794733.34
-217074.88
-1298730.2
355638.23
-1666321.1
-592170.64
-460588.63
-1452955
4
-5359261.9
-6151682.1
-2073946
-1752530.9
-6125896.5
-5534356.6
-9860799.1
-3946151.9
-2181769.2
-7083866.3
719597.35
226345.89
-76203.51
133760.81
561242
-316465.82
-418984.53
-151054.36
-95647.899
-329559
4
4
21255446
18031152
4532696.7
4848487.6
19333817
25371478
22417081
5664639.8
5550436.2
22108694
-4739235.4
-4031258.3
-1001129.5
-1004836
-4021096
1350442.2
1191235.6
300036.73
296228.02
1181654.5
4
57948726
55219026
13801065
14302624
57044134
78572680
73889576
18351512
18763963
74866816
-12607684
-12828881
-3264455.3
-3242839.4
-12846140
3899316.4
3825887.5
954332.33
969947.44
3863764.4
4
-5529157
3974798.2
1669678.3
1303734.4
3263347.1
3093425.1
17902253
6099460
5059121.1
16323310
3493286.7
881952.07
297160.93
84107.851
495141.92
-134013.82
619852.62
220342.4
170853.93
538764.32
4
2003064.1
2293455.8
772635.69
654626.93
2288966.5
2066865.9
3678809.3
1471317.9
813115.9
2641362.8
-269541.11
-85199.608
28319.719
-49909.186
-209663.98
118148.8
156153.37
56227.497
35626.939
122838.39
4
4
0
0
0
0
0
0
0
0
0
0
0
0
0
0
0
0
0
0
0
0
4
0
0
0
0
0
0
0
0
0
0
0
0
0
0
0
0
0
0
0
0
4
0
0
0
0
0
0
0
0
0
0
0
0
0
0
0
0
0
0
0
0
4
0
0
0
0
0
0
0
0
0
0
0
0
0
0
0
0
0
0
0
0
4
4
0
0
0
0
0
0
0
0
0
0
0
0
0
0
0
0
0
0
0
0
4
0
0
0
0
0
0
0
0
0
0
0
0
0
0
0
0
0
0
0
0
4
0
0
0
0
0
0
0
0
0
0
0
0
0
0
0
0
0
0
0
0
4
0
0
0
0
0
0
0
0
0
0
0
0
0
0
0
0
0
0
0
0
4
4
0
0
0
0
0
0
0
0
0
0
0
0
0
0
0
0
0
0
0
0
4
0
0
0
0
0
0
0
0
0
0
0
0
0
0
0
0
0
0
0
0
4
0
0
0
0
0
0
0
0
0
0
0
0
0
0
0
0
0
0
0
0
4
0
0
0
0
0
0
0
0
0
0
0
0
0
0
0
0
0
0
0
0
4
4
0
0
0
0
0
0
0
0
0
0
0
0
0
0
0
0
0
0
0
0
4
0
0
0
0
0
0
0
0
0
0
0
0
0
0
0
0
0
0
0
0
4
0
0
0
0
0
0
0
0
0
0
0
0
0
0
0
0
0
0
0
0
4
0
0
0
0
0
0
0
0
0
0
0
0
0
0
0
0
0
0
0
0
4
4
0
0
0
0
0
0
0
0
0
0
0
0
0
0
0
0
0
0
0
0
4
0
0
0
0
0
0
0
0
0
0
0
0
0
0
0
0
0
0
0
0
4
0
0
0
0
0
0
0
0
0
0
0
0
0
0
0
0
0
0
0
0
4
0
0
0
0
0
0
0
0
0
0
0
0
0
0
0
0
0
0
0
0
4
4
0
0
0
0
0
0
0
0
0
0
0
0
0
0
0
0
0
0
0
0
4
0
0
0
0
0
0
0
0
0
0
0
0
0
0
0
0
0
0
0
0
4
0
0
0
0
0
0
0
0
0
0
0
0
0
0
0
0
0
0
0
0
4
0
0
0
0
0
0
0
0
0
0
0
0
0
0
0
0
0
0
0
0
4
4
0
0
0
0
0
0
0
0
0
0
0
0
0
0
0
0
0
0
0
0
4
0
0
0
0
0
0
0
0
0
0
0
0
0
0
0
0
0
0
0
0
4
0
0
0
0
0
0
0
0
0
0
0
0
0
0
0
0
0
0
0
0
4
0
0
0
0
0
0
0
0
0
0
0
0
0
0
0
0
0
0
0
0
4
4
0
0
0
0
0
0
0
0
0
0
0
0
0
0
0
0
0
0
0
0
4
0
0
0
0
0
0
0
0
0
0
0
0
0
0
0
0
0
0
0
0
4
0
0
0
0
0
0
0
0
0
0
0
0
0
0
0
0
0
0
0
0
4
0
0
0
0
0
0
0
0
0
0
0
0
0
0
0
0
0
0
0
0
4
4
0
0
0
0
0
0
0
0
0
0
0
0
0
0
0
0
0
0
0
0
4
0
0
0
0
0
0
0
0
0
0
0
0
0
0
0
0
0
0
0
0
4
0
0
0
0
0
0
0
0
0
0
0
0
0
0
0
0
0
0
0
0
4
0
0
0
0
0
0
0
0
0
0
0
0
0
0
0
0
0
0
0
0
4
4
0
0
0
0
0
0
0
0
0
0
0
0
0
0
0
0
0
0
0
0
4
0
0
0
0
0
0
0
0
0
0
0
0
0
0
0
0
0
0
0
0
4
0
0
0
0
0
0
0
0
0
0
0
0
0
0
0
0
0
0
0
0
4
0
0
0
0
0
0
0
0
0
0
0
0
0
0
0
0
0
0
0
0
4
4
0
0
0
0
0
0
0
0
0
0
0
0
0
0
0
0
0
0
0
0
4
0
0
0
0
0
0
0
0
0
0
0
0
0
0
0
0
0
0
0
0
4
0
0
0
0
0
0
0
0
0
0
0
0
0
0
0
0
0
0
0
0
4
0
0
0
0
0
0
0
0
0
0
0
0
0
0
0
0
0
0
0
0
4
4
0
0
0
0
0
0
0
0
0
0
0
0
0
0
0
0
0
0
0
0
4
0
0
0
0
0
0
0
0
0
0
0
0
0
0
0
0
0
0
0
0
4
0
0
0
0
0
0
0
0
0
0
0
0
0
0
0
0
0
0
0
0
4
0
0
0
0
0
0
0
0
0
0
0
0
0
0
0
0
0
0
0
0
4
4
0
0
0
0
0
0
0
0
0
0
0
0
0
0
0
0
0
0
0
0
4
0
0
0
0
0
0
0
0
0
0
0
0
0
0
0
0
0
0
0
0
4
0
0
0
0
0
0
0
0
0
0
0
0
0
0
0
0
0
0
0
0
4
0
0
0
0
0
0
0
0
0
0
0
0
0
0
0
0
0
0
0
0
4
4
0
0
0
0
0
0
0
0
0
0
0
0
0
0
0
0
0
0
0
0
4
0
0
0
0
0
0
0
0
0
0
0
0
0
0
0
0
0
0
0
0
4
0
0
0
0
0
0
0
0
0
0
0
0
0
0
0
0
0
0
0
0
4
0
0
0
0
0
0
0
0
0
0
0
0
0
0
0
0
0
0
0
0
18
4
4
8918284.9
7439885.5
1869258
1981078.4
7906663.2
13066475
11362930
2870931
2792615.2
11127166
-2436417.3
-2042352.6
-506557.66
-500606.86
-2004981.7
680811.13
593899.12
149530.57
145926.52
582362.42
4
22304066
22284348
5580629.6
5676053
22583774
39307554
36233976
9000263.7
9249769.3
36877207
-5895023.9
-5824300.9
-1487334.1
-1485670.4
-5873224.8
1860336.8
1787593.9
446061.09
455344.22
1812004
4
-1004723.1
4357494.5
1447768.2
1244643.8
3925884.4
1291131.1
8845155
3061422
2511021
8006651.2
1773029
445653.48
157394.3
33230.16
199788.12
-63650.608
314601.74
112243.96
91253.117
289836.99
4
679204.76
706907.6
263569.21
186159.97
637719.89
1040719.3
1766176
712351.47
378632.18
1218708.6
-136713.99
-19344.095
26107.726
-14867.262
-72147.246
57522.483
72290.368
26323.161
15358.555
52487.655
4
4
99450109
82892917
20835684
21598745
86192583
1.4470898e+08
1.2537235e+08
31685350
30859122
1.229346e+08
-26904537
-22398393
-5558404.2
-5475642.4
-21927676
7550391.6
6554075.2
1651138
1606420.6
6409669.7
4
2.5620502e+08
2.5575265e+08
64012224
65081956
2.5894307e+08
4.3798844e+08
4.0433714e+08
1.0040505e+08
1.0318476e+08
4.114701e+08
-65919300
-65514683
-16709168
-16635771
-65781484
20831692
20091401
5009536
5103225.7
20312220
4
-12353184
45653818
15425800
14491256
45871714
14419421
98427230
34148284
28543587
91009776
19769591
4873358.6
1679658
166727.26
1538695.8
-683771.86
3547613.3
1273822.2
1067271.3
3397499.7
4
7801476.3
8492998.6
3165070.8
2086832
7109993.5
11620597
19985374
8073254.3
4292911.8
13755785
-1526884.9
-337245.51
239709.9
-172017.24
-812136.24
646423.71
835159.44
306019.77
174253.91
591356.53
4
4
-50966248
-42532943
-10688316
-11195790
-44681181
-74276346
-64480440
-16293605
-15861435
-63193817
13856524
11583523
2873925.5
2836395.8
11359212
-3877511.6
-3375366.5
-850081.41
-828539.41
-3306228.7
4
-1.2929051e+08
-1.2915728e+08
-32336601
-32879051
-1.3081723e+08
-2.240983e+08
-2.0670973e+08
-51338179
-52765276
-2.1039013e+08
33704188
33386804
8519984.7
8501690
33614145
-10637984
-10239341
-2554025
-2605308.1
-10368748
4
6132699.2
-23934866
-8024279.3
-7203648.8
-22740017
-7319015.1
-50275338
-17427678
-14419147
-45960462
-10126216
-2546853.1
-885439.8
-150372.13
-1010773.6
361409.32
-1795321.6
-643347.65
-529849.42
-1683416.3
4
-3944860.6
-4191942.7
-1560279.8
-1067777.7
-3651027.6
-5941253.4
-10145052
-4092578.6
-2179023.5
-6999707.2
783808.8
146148.54
-134668.9
87760.247
418639.44
-329919.43
-420288.9
-153361.67
-88567.47
-301758.31
4
4
19038043
15888617
3992611.5
4188695.1
16716758
27758587
24103828
6090691.7
5928635.7
23620695
-5179497.8
-4331901.9
-1074724
-1060913.3
-4248788.7
1448959.5
1261746.4
317756.1
309766.8
1236119.1
4
48194037
48147576
12054980
12257447
48769281
83713933
77210629
19176329
19709350
78585560
-12587297
-12463707
-3180898.1
-3174753
-12552185
3972531.6
3822690.8
953555.58
972835.69
3871687.3
4
-2275047.3
8980647.4
3007215.9
2682935.8
8467225.9
2733625.6
18782803
6509860.1
5379018.2
17145498
3782517.4
952554.45
331737.81
58794.093
386427.2
-135337.2
670120.05
240025.62
197275.24
626679.45
4
1470493.3
1557706
579829.71
398709.52
1363802.3
2219110.9
3785741.3
1527042.3
813005.35
2612444.6
-292753.02
-52964.383
50986.447
-32696.826
-156267.58
123171.71
156606.59
57121.113
33043.157
112635.89
4
4
0
0
0
0
0
0
0
0
0
0
0
0
0
0
0
0
0
0
0
0
4
0
0
0
0
0
0
0
0
0
0
0
0
0
0
0
0
0
0
0
0
4
0
0
0
0
0
0
0
0
0
0
0
0
0
0
0
0
0
0
0
0
4
0
0
0
0
0
0
0
0
0
0
0
0
0
0
0
0
0
0
0
0
4
4
0
0
0
0
0
0
0
0
0
0
0
0
0
0
0
0
0
0
0
0
4
0
0
0
0
0
0
0
0
0
0
0
0
0
0
0
0
0
0
0
0
4
0
0
0
0
0
0
0
0
0
0
0
0
0
0
0
0
0
0
0
0
4
0
0
0
0
0
0
0
0
0
0
0
0
0
0
0
0
0
0
0
0
4
4
0
0
0
0
0
0
0
0
0
0
0
0
0
0
0
0
0
0
0
0
4
0
0
0
0
0
0
0
0
0
0
0
0
0
0
0
0
0
0
0
0
4
0
0
0
0
0
0
0
0
0
0
0
0
0
0
0
0
0
0
0
0
4
0
0
0
0
0
0
0
0
0
0
0
0
0
0
0
0
0
0
0
0
4
4
0
0
0
0
0
0
0
0
0
0
0
0
0
0
0
0
0
0
0
0
4
0
0
0
0
0
0
0
0
0
0
0
0
0
0
0
0
0
0
0
0
4
0
0
0
0
0
0
0
0
0
0
0
0
0
0
0
0
0
0
0
0
4
0
0
0
0
0
0
0
0
0
0
0
0
0
0
0
0
0
0
0
0
4
4
0
0
0
0
0
0
0
0
0
0
0
0
0
0
0
0
0
0
0
0
4
0
0
0
0
0
0
0
0
0
0
0
0
0
0
0
0
0
0
0
0
4
0
0
0
0
0
0
0
0
0
0
0
0
0
0
0
0
0
0
0
0
4
0
0
0
0
0
0
0
0
0
0
0
0
0
0
0
0
0
0
0
0
4
4
0
0
0
0
0
0
0
0
0
0
0
0
0
0
0
0
0
0
0
0
4
0
0
0
0
0
0
0
0
0
0
0
0
0
0
0
0
0
0
0
0
4
0
0
0
0
0
0
0
0
0
0
0
0
0
0
0
0
0
0
0
0
4
0
0
0
0
0
0
0
0
0
0
0
0
0
0
0
0
0
0
0
0
4
4
0
0
0
0
0
0
0
0
0
0
0
0
0
0
0
0
0
0
0
0
4
0
0
0
0
0
0
0
0
0
0
0
0
0
0
0
0
0
0
0
0
4
0
0
0
0
0
0
0
0
0
0
0
0
0
0
0
0
0
0
0
0
4
0
0
0
0
0
0
0
0
0
0
0
0
0
0
0
0
0
0
0
0
4
4
0
0
0
0
0
0
0
0
0
0
0
0
0
0
0
0
0
0
0
0
4
0
0
0
0
0
0
0
0
0
0
0
0
0
0
0
0
0
0
0
0
4
0
0
0
0
0
0
0
0
0
0
0
0
0
0
0
0
0
0
0
0
4
0
0
0
0
0
0
0
0
0
0
0
0
0
0
0
0
0
0
0
0
4
4
0
0
0
0
0
0
0
0
0
0
0
0
0
0
0
0
0
0
0
0
4
0
0
0
0
0
0
0
0
0
0
0
0
0
0
0
0
0
0
0
0
4
0
0
0
0
0
0
0
0
0
0
0
0
0
0
0
0
0
0
0
0
4
0
0
0
0
0
0
0
0
0
0
0
0
0
0
0
0
0
0
0
0
4
4
0
0
0
0
0
0
0
0
0
0
0
0
0
0
0
0
0
0
0
0
4
0
0
0
0
0
0
0
0
0
0
0
0
0
0
0
0
0
0
0
0
4
0
0
0
0
0
0
0
0
0
0
0
0
0
0
0
0
0
0
0
0
4
0
0
0
0
0
0
0
0
0
0
0
0
0
0
0
0
0
0
0
0
4
4
0
0
0
0
0
0
0
0
0
0
0
0
0
0
0
0
0
0
0
0
4
0
0
0
0
0
0
0
0
0
0
0
0
0
0
0
0
0
0
0
0
4
0
0
0
0
0
0
0
0
0
0
0
0
0
0
0
0
0
0
0
0
4
0
0
0
0
0
0
0
0
0
0
0
0
0
0
0
0
0
0
0
0
4
4
0
0
0
0
0
0
0
0
0
0
0
0
0
0
0
0
0
0
0
0
4
0
0
0
0
0
0
0
0
0
0
0
0
0
0
0
0
0
0
0
0
4
0
0
0
0
0
0
0
0
0
0
0
0
0
0
0
0
0
0
0
0
4
0
0
0
0
0
0
0
0
0
0
0
0
0
0
0
0
0
0
0
0
4
4
0
0
0
0
0
0
0
0
0
0
0
0
0
0
0
0
0
0
0
0
4
0
0
0
0
0
0
0
0
0
0
0
0
0
0
0
0
0
0
0
0
4
0
0
0
0
0
0
0
0
0
0
0
0
0
0
0
0
0
0
0
0
4
0
0
0
0
0
0
0
0
0
0
0
0
0
0
0
0
0
0
0
0
4
4
0
0
0
0
0
0
0
0
0
0
0
0
0
0
0
0
0
0
0
0
4
0
0
0
0
0
0
0
0
0
0
0
0
0
0
0
0
0
0
0
0
4
0
0
0
0
0
0
0
0
0
0
0
0
0
0
0
0
0
0
0
0
4
0
0
0
0
0
0
0
0
0
0
0
0
0
0
0
0
0
0
0
0
18
4
4
10759483
8765579.1
2207929
2412532.9
9626923.3
15161198
13205911
3343875.9
3425205.9
13647466
-2786244.1
-2282984.4
-567745.2
-624273.04
-2499979.3
787498
675418.18
170532.83
179596.4
716589.45
4
27510085
26795141
6683940.1
7197549
28636446
47533728
44092823
10929645
11588771
46183650
-7761424.9
-7697485.1
-1956009.9
-2088857
-8259957.8
2357400
2270216.6
565130.35
605821.68
2410150
4
-1832197
3712348.4
1383922
1037959.2
3030729.3
1506930.3
11234155
3946066.2
2891269.7
9020236.5
2067409.9
363935.2
123454.11
94645.804
440090.7
-75907.409
402986.15
147230.4
94202.36
286278.6
4
877592.51
1124953.3
434955.21
259193.28
873550.46
1223529.2
2237629.7
942221.54
480946.03
1529357.6
-171436.67
-91880.107
-10445.752
-35156.185
-142210.57
70578.428
97990.918
38974.01
21768.785
73024.986
4
4
92883743
75097566
18910032
20607174
82207957
1.3152675e+08
1.1461566e+08
29012864
29566172
1.1779007e+08
-23661107
-19427514
-4825511.4
-5217765
-20897509
6759540.5
5814451.8
1467573.4
1524828.1
6083242.3
4
2.3900101e+08
2.3190412e+08
57884147
61418942
2.4447227e+08
4.1280271e+08
3.8448299e+08
95357002
99504734
3.9662257e+08
-66302059
-66344750
-16885214
-17476331
-69093303
20324813
19670448
4899449.1
5139006.7
20448643
4
-16547240
32252842
11933609
9027731.1
26251804
12728704
97084315
34030509
25264041
78810284
18283502
3630844.3
1268907.8
872473.17
3960567.1
-688281.87
3452466.4
1258182.6
823957.36
2507595.5
4
7700089.1
9570666
3693686.4
2337329.3
7789644
10732326
19331227
8147214.2
4225637.4
13390946
-1465371.1
-657952.89
-28350.954
-289507.03
-1176086
616905.5
840956.32
334746.16
190057.84
634162.58
4
4
-52250526
-42441600
-10688579
-11640472
-46443354
-73732174
-64279059
-16273353
-16605357
-66158516
13402715
11010812
2736514.1
2974787.4
11913735
-3808849.7
-3275227.6
-826792.49
-863003.54
-3443147.8
4
-1.3387632e+08
-1.3010444e+08
-32464017
-34687270
-1.3804033e+08
-2.3106269e+08
-2.1480808e+08
-53260266
-55981530
-2.2312185e+08
37386276
37260002
9475992.1
9948715.6
39335558
-11414709
-11022586
-2744652.2
-2907455
-11567997
4
9188662.2
-17955265
-6679686.8
-5035150.4
-14658458
-7148819.8
-54367830
-19086855
-14097486
-43973914
-10182804
-1960887.7
-673242.66
-482335.83
-2205084.8
383738.7
-1935732
-707237
-458693.76
-1394512.8
4
-4304233.9
-5431598.2
-2096061.3
-1287614
-4314552.4
-5992510.9
-10871571
-4578449.4
-2354964.1
-7475158.5
829415.01
409755.35
33400.391
165901.79
673499.19
-345144.65
-474845.39
-188834.06
-106190.25
-355298.48
4
4
19540599
15881084
3999615.7
4356522.2
17382067
27564331
24029920
6083724.9
6209948.2
24741680
-5018070.8
-4122045.2
-1024538.9
-1115016.7
-4465500.6
1424983.1
1225115.1
309273.21
323116.57
1289159.2
4
50043435
48647014
12137979
12982740
51664053
86373728
80274796
19902822
20943289
83471147
-13991496
-13935649
-3543730
-3728720.5
-14742929
4269107
4121047.9
1026108.1
1088641.1
4331354.6
4
-3425834.6
6711332
2498150.2
1881933.9
5480307.2
2677280.3
20329980
7138364.3
5267551
16431055
3801771.7
726320.1
248822.73
179603.59
822394.34
-143048.41
724253.93
264666.78
171371.49
520945.03
4
1607874.9
2033526
784836.85
480041.36
1609818
2238578.5
4065659.8
1712095.6
879598.13
2792720.5
-310409.6
-155292.42
-13423.977
-62243.633
-252622.27
128965.56
177665.38
70648.488
39679.67
132814.72
4
4
0
0
0
0
0
0
0
0
0
0
0
0
0
0
0
0
0
0
0
0
4
0
0
0
0
0
0
0
0
0
0
0
0
0
0
0
0
0
0
0
0
4
0
0
0
0
0
0
0
0
0
0
0
0
0
0
0
0
0
0
0
0
4
0
0
0
0
0
0
0
0
0
0
0
0
0
0
0
0
0
0
0
0
4
4
0
0
0
0
0
0
0
0
0
0
0
0
0
0
0
0
0
0
0
0
4
0
0
0
0
0
0
0
0
0
0
0
0
0
0
0
0
0
0
0
0
4
0
0
0
0
0
0
0
0
0
0
0
0
0
0
0
0
0
0
0
0
4
0
0
0
0
0
0
0
0
0
0
0
0
0
0
0
0
0
0
0
0
4
4
0
0
0
0
0
0
0
0
0
0
0
0
0
0
0
0
0
0
0
0
4
0
0
0
0
0
0
0
0
0
0
0
0
0
0
0
0
0
0
0
0
4
0
0
0
0
0
0
0
0
0
0
0
0
0
0
0
0
0
0
0
0
4
0
0
0
0
0
0
0
0
0
0
0
0
0
0
0
0
0
0
0
0
4
4
0
0
0
0
0
0
0
0
0
0
0
0
0
0
0
0
0
0
0
0
4
0
0
0
0
0
0
0
0
0
0
0
0
0
0
0
0
0
0
0
0
4
0
0
0
0
0
0
0
0
0
0
0
0
0
0
0
0
0
0
0
0
4
0
0
0
0
0
0
0
0
0
0
0
0
0
0
0
0
0
0
0
0
4
4
0
0
0
0
0
0
0
0
0
0
0
0
0
0
0
0
0
0
0
0
4
0
0
0
0
0
0
0
0
0
0
0
0
0
0
0
0
0
0
0
0
4
0
0
0
0
0
0
0
0
0
0
0
0
0
0
0
0
0
0
0
0
4
0
0
0
0
0
0
0
0
0
0
0
0
0
0
0
0
0
0
0
0
4
4
0
0
0
0
0
0
0
0
0
0
0
0
0
0
0
0
0
0
0
0
4
0
0
0
0
0
0
0
0
0
0
0
0
0
0
0
0
0
0
0
0
4
0
0
0
0
0
0
0
0
0
0
0
0
0
0
0
0
0
0
0
0
4
0
0
0
0
0
0
0
0
0
0
0
0
0
0
0
0
0
0
0
0
4
4
0
0
0
0
0
0
0
0
0
0
0
0
0
0
0
0
0
0
0
0
4
0
0
0
0
0
0
0
0
0
0
0
0
0
0
0
0
0
0
0
0
4
0
0
0
0
0
0
0
0
0
0
0
0
0
0
0
0
0
0
0
0
4
0
0
0
0
0
0
0
0
0
0
0
0
0
0
0
0
0
0
0
0
4
4
0
0
0
0
0
0
0
0
0
0
0
0
0
0
0
0
0
0
0
0
4
0
0
0
0
0
0
0
0
0
0
0
0
0
0
0
0
0
0
0
0
4
0
0
0
0
0
0
0
0
0
0
0
0
0
0
0
0
0
0
0
0
4
0
0
0
0
0
0
0
0
0
0
0
0
0
0
0
0
0
0
0
0
4
4
0
0
0
0
0
0
0
0
0
0
0
0
0
0
0
0
0
0
0
0
4
0
0
0
0
0
0
0
0
0
0
0
0
0
0
0
0
0
0
0
0
4
0
0
0
0
0
0
0
0
0
0
0
0
0
0
0
0
0
0
0
0
4
0
0
0
0
0
0
0
0
0
0
0
0
0
0
0
0
0
0
0
0
4
4
0
0
0
0
0
0
0
0
0
0
0
0
0
0
0
0
0
0
0
0
4
0
0
0
0
0
0
0
0
0
0
0
0
0
0
0
0
0
0
0
0
4
0
0
0
0
0
0
0
0
0
0
0
0
0
0
0
0
0
0
0
0
4
0
0
0
0
0
0
0
0
0
0
0
0
0
0
0
0
0
0
0
0
4
4
0
0
0
0
0
0
0
0
0
0
0
0
0
0
0
0
0
0
0
0
4
0
0
0
0
0
0
0
0
0
0
0
0
0
0
0
0
0
0
0
0
4
0
0
0
0
0
0
0
0
0
0
0
0
0
0
0
0
0
0
0
0
4
0
0
0
0
0
0
0
0
0
0
0
0
0
0
0
0
0
0
0
0
4
4
0
0
0
0
0
0
0
0
0
0
0
0
0
0
0
0
0
0
0
0
4
0
0
0
0
0
0
0
0
0
0
0
0
0
0
0
0
0
0
0
0
4
0
0
0
0
0
0
0
0
0
0
0
0
0
0
0
0
0
0
0
0
4
0
0
0
0
0
0
0
0
0
0
0
0
0
0
0
0
0
0
0
0
4
4
0
0
0
0
0
0
0
0
0
0
0
0
0
0
0
0
0
0
0
0
4
0
0
0
0
0
0
0
0
0
0
0
0
0
0
0
0
0
0
0
0
4
0
0
0
0
0
0
0
0
0
0
0
0
0
0
0
0
0
0
0
0
4
0
0
0
0
0
0
0
0
0
0
0
0
0
0
0
0
0
0
0
0
4
4
0
0
0
0
0
0
0
0
0
0
0
0
0
0
0
0
0
0
0
0
4
0
0
0
0
0
0
0
0
0
0
0
0
0
0
0
0
0
0
0
0
4
0
0
0
0
0
0
0
0
0
0
0
0
0
0
0
0
0
0
0
0
4
0
0
0
0
0
0
0
0
0
0
0
0
0
0
0
0
0
0
0
0
18
4
4
11364181
9781319.2
2457395.7
2654367.9
10603466
17653755
14677585
3707324.9
4062081.2
16187898
-3478969.4
-2722956.3
-674570.96
-810500.95
-3248434.1
941224.12
777984.95
195837.73
220991.2
882486.16
4
31320383
31484542
7891192.9
8587030.5
34089664
51497784
48256391
12007134
12652004
50412886
-8385443.1
-8484486.8
-2171140.5
-2340430.6
-9234559.6
2534137.4
2482668
620714.52
666356.49
2647308.5
4
-1914386.9
4268585.4
1526314.7
1130756.6
3356000.3
1695636.2
12115197
4191611.8
3601860.9
11268191
2131924
114862.77
86442.454
-66205.86
-132427.29
-58753.793
492243.65
171019.37
136979.04
431290.42
4
903759.59
1055613.2
389809.45
234595.55
815791.13
1340263.5
2158959.7
910513.1
506059.88
1594541.5
-172814.93
4215.2332
36309.521
-19251.868
-98978.516
74593.014
88006.158
34742.438
20268.837
68437.072
4
4
82151615
71440018
17950060
19016769
75956314
1.263759e+08
1.0560828e+08
26677826
28815436
1.1482807e+08
-24715685
-19513326
-4833799.9
-5648947.2
-22642935
6731143.6
5605500.7
1411232.5
1558232
6222028.4
4
2.2696849e+08
2.2699681e+08
56877736
61706265
2.4501574e+08
3.7043692e+08
3.4549906e+08
85947532
90715116
3.6145163e+08
-60363302
-60518584
-15489070
-16636951
-65633076
18282461
17795164
4448030.6
4763182.7
18924110
4
-13458850
31198421
11183946
8328845.1
24743048
13362756
88327593
30522376
26457670
83057589
15177956
746544.12
603025.09
-617858.58
-1488462.1
-370106.79
3587977.5
1245999.1
1019723.1
3226445.6
4
6512556.9
7671250.3
2806218.1
1727480.5
5955370.2
9539751.7
15519096
6551503
3620761.6
11344782
-1192184.9
87532.616
290071.55
-122719.24
-642944.73
530918.82
632595.5
249663.23
145304.42
485650.47
4
4
-48591622
-42095704
-10576699
-11292406
-45105955
-75020873
-62585829
-15809444
-17168859
-68417763
14716004
11586871
2870471
3389488.5
13585513
-3997285.1
-3320710.6
-835989.15
-930619.64
-3716048.9
4
-1.3393449e+08
-1.3432414e+08
-33659761
-36529651
-1.4503855e+08
-2.1929195e+08
-2.0497514e+08
-50993024
-53769392
-2.1424817e+08
35688143
35938422
9197046.8
9885996.6
39003459
-10805737
-10550467
-2637304.5
-2825467.1
-11225557
4
8057376.4
-18321966
-6567284
-4880868.5
-14487777
-7662245.1
-52068934
-18004464
-15546302
-48735063
-9025775.1
-463131.82
-361032.71
332090.67
752895.82
230961.78
-2114189.2
-734611.05
-595890.2
-1881630.3
4
-3857392.6
-4534301.8
-1664518.7
-1015537.1
-3511921.2
-5675039.6
-9207973.7
-3886184.7
-2151381.1
-6754754.1
718149.04
-34538.487
-163344.2
76963.709
398392.82
-315839.9
-375719.91
-148348.45
-86318.172
-289548.11
4
4
18133918
15698679
3944322.8
4216886.9
16843929
28015574
23363820
5901758.8
6415590.4
25566147
-5498418.3
-4326767.3
-1071897.4
-1268129.2
-5082788.7
1492839.7
1239543.8
312052.5
347895.91
1389186.9
4
49970379
50135342
12563450
13636937
54143840
81860452
76542004
19042131
20076352
79995938
-13320823
-13423265
-3435119.9
-3693270.1
-14571319
4032811.3
3939412.1
984751.63
1055171.6
4192177.1
4
-3012792.4
6831211.1
2448235.2
1818929.3
5398644.1
2842670.6
19419633
6715574.2
5795116.3
18162294
3371796.7
174270.11
135094.03
-121773.46
-272738.56
-87021.94
788488.01
273987.62
221917.88
700504.17
4
1439827.3
1691607.1
621377.97
378505.77
1309716.6
2120097.8
3437784.4
1450810.1
803457.76
2523616.3
-268869.58
11957.857
60509.32
-28980.852
-149801.74
117991.82
140279.36
55389.333
32232.459
108196.47
4
4
0
0
0
0
0
0
0
0
0
0
0
0
0
0
0
0
0
0
0
0
4
0
0
0
0
0
0
0
0
0
0
0
0
0
0
0
0
0
0
0
0
4
0
0
0
0
0
0
0
0
0
0
0
0
0
0
0
0
0
0
0
0
4
0
0
0
0
0
0
0
0
0
0
0
0
0
0
0
0
0
0
0
0
4
4
0
0
0
0
0
0
0
0
0
0
0
0
0
0
0
0
0
0
0
0
4
0
0
0
0
0
0
0
0
0
0
0
0
0
0
0
0
0
0
0
0
4
0
0
0
0
0
0
0
0
0
0
0
0
0
0
0
0
0
0
0
0
4
0
0
0
0
0
0
0
0
0
0
0
0
0
0
0
0
0
0
0
0
4
4
0
0
0
0
0
0
0
0
0
0
0
0
0
0
0
0
0
0
0
0
4
0
0
0
0
0
0
0
0
0
0
0
0
0
0
0
0
0
0
0
0
4
0
0
0
0
0
0
0
0
0
0
0
0
0
0
0
0
0
0
0
0
4
0
0
0
0
0
0
0
0
0
0
0
0
0
0
0
0
0
0
0
0
4
4
0
0
0
0
0
0
0
0
0
0
0
0
0
0
0
0
0
0
0
0
4
0
0
0
0
0
0
0
0
0
0
0
0
0
0
0
0
0
0
0
0
4
0
0
0
0
0
0
0
0
0
0
0
0
0
0
0
0
0
0
0
0
4
0
0
0
0
0
0
0
0
0
0
0
0
0
0
0
0
0
0
0
0
4
4
0
0
0
0
0
0
0
0
0
0
0
0
0
0
0
0
0
0
0
0
4
0
0
0
0
0
0
0
0
0
0
0
0
0
0
0
0
0
0
0
0
4
0
0
0
0
0
0
0
0
0
0
0
0
0
0
0
0
0
0
0
0
4
0
0
0
0
0
0
0
0
0
0
0
0
0
0
0
0
0
0
0
0
4
4
0
0
0
0
0
0
0
0
0
0
0
0
0
0
0
0
0
0
0
0
4
0
0
0
0
0
0
0
0
0
0
0
0
0
0
0
0
0
0
0
0
4
0
0
0
0
0
0
0
0
0
0
0
0
0
0
0
0
0
0
0
0
4
0
0
0
0
0
0
0
0
0
0
0
0
0
0
0
0
0
0
0
0
4
4
0
0
0
0
0
0
0
0
0
0
0
0
0
0
0
0
0
0
0
0
4
0
0
0
0
0
0
0
0
0
0
0
0
0
0
0
0
0
0
0
0
4
0
0
0
0
0
0
0
0
0
0
0
0
0
0
0
0
0
0
0
0
4
0
0
0
0
0
0
0
0
0
0
0
0
0
0
0
0
0
0
0
0
4
4
0
0
0
0
0
0
0
0
0
0
0
0
0
0
0
0
0
0
0
0
4
0
0
0
0
0
0
0
0
0
0
0
0
0
0
0
0
0
0
0
0
4
0
0
0
0
0
0
0
0
0
0
0
0
0
0
0
0
0
0
0
0
4
0
0
0
0
0
0
0
0
0
0
0
0
0
0
0
0
0
0
0
0
4
4
0
0
0
0
0
0
0
0
0
0
0
0
0
0
0
0
0
0
0
0
4
0
0
0
0
0
0
0
0
0
0
0
0
0
0
0
0
0
0
0
0
4
0
0
0
0
0
0
0
0
0
0
0
0
0
0
0
0
0
0
0
0
4
0
0
0
0
0
0
0
0
0
0
0
0
0
0
0
0
0
0
0
0
4
4
0
0
0
0
0
0
0
0
0
0
0
0
0
0
0
0
0
0
0
0
4
0
0
0
0
0
0
0
0
0
0
0
0
0
0
0
0
0
0
0
0
4
0
0
0
0
0
0
0
0
0
0
0
0
0
0
0
0
0
0
0
0
4
0
0
0
0
0
0
0
0
0
0
0
0
0
0
0
0
0
0
0
0
4
4
0
0
0
0
0
0
0
0
0
0
0
0
0
0
0
0
0
0
0
0
4
0
0
0
0
0
0
0
0
0
0
0
0
0
0
0
0
0
0
0
0
4
0
0
0
0
0
0
0
0
0
0
0
0
0
0
0
0
0
0
0
0
4
0
0
0
0
0
0
0
0
0
0
0
0
0
0
0
0
0
0
0
0
4
4
0
0
0
0
0
0
0
0
0
0
0
0
0
0
0
0
0
0
0
0
4
0
0
0
0
0
0
0
0
0
0
0
0
0
0
0
0
0
0
0
0
4
0
0
0
0
0
0
0
0
0
0
0
0
0
0
0
0
0
0
0
0
4
0
0
0
0
0
0
0
0
0
0
0
0
0
0
0
0
0
0
0
0
4
4
0
0
0
0
0
0
0
0
0
0
0
0
0
0
0
0
0
0
0
0
4
0
0
0
0
0
0
0
0
0
0
0
0
0
0
0
0
0
0
0
0
4
0
0
0
0
0
0
0
0
0
0
0
0
0
0
0
0
0
0
0
0
4
0
0
0
0
0
0
0
0
0
0
0
0
0
0
0
0
0
0
0
0
4
4
0
0
0
0
0
0
0
0
0
0
0
0
0
0
0
0
0
0
0
0
4
0
0
0
0
0
0
0
0
0
0
0
0
0
0
0
0
0
0
0
0
4
0
0
0
0
0
0
0
0
0
0
0
0
0
0
0
0
0
0
0
0
4
0
0
0
0
0
0
0
0
0
0
0
0
0
0
0
0
0
0
0
0
18
4
4
15104840
13314686
3346138.1
3208833
12777489
19556438
16786327
4238594.2
4212671.6
16780689
-4073850.1
-3359629.4
-833940.57
-850379.47
-3404697.5
1076610.4
920174.71
231631.05
231501.68
923496.81
4
39396681
38902793
9734305.3
10091057
40281260
56310394
52106311
12964234
13374435
53314180
-9724055.9
-9528802
-2433282.9
-2505397.3
-9907342.9
2848205.1
2718776.6
679155.92
708603.21
2820195.6
4
-4532992.5
2235885
1106625.9
927883.33
1845679.9
1065823.7
11800463
4237592.6
3285930.8
9803973.7
2716412.8
735765.39
251941.46
167334.87
757793.48
-163180.75
380664.88
146755.29
97034.631
267403.95
4
1451960.5
1573526.8
534015.53
477806.97
1617035.7
1502012.2
2293492.5
951677.93
559353.46
1786856.6
-263135.7
-76681.173
17011.431
-46184.637
-202823.38
93207.727
105077.68
39496.254
26498.862
90981.578
4
4
96386513
83962139
21098335
20563906
81908183
1.2282391e+08
1.0484252e+08
26473179
26624085
1.0604559e+08
-25712297
-21078981
-5233215.5
-5436131.8
-21759956
6766976.3
5756363.9
1449001.4
1468334.2
5857003.2
4
2.4724139e+08
2.3809769e+08
59571510
64109396
2.5582745e+08
3.4813554e+08
3.2102255e+08
79850639
82778329
3.3008229e+08
-60142113
-58425338
-14917967
-15559734
-61558955
17611639
16707761
4172640.2
4395690.4
17499915
4
-30092518
12169825
6345511
5061761.7
8965244.3
5233753.7
71370271
25776381
19873732
58768212
17295089
5204399.7
1740464.9
1193820.3
5334460.1
-1110781.3
2217620
869549.48
566577.87
1518236.5
4
9289007
9787098.5
3309895.1
3021141.9
10310244
9508125.3
14428822
5973044.1
3572056.4
11438249
-1695299.8
-536729.16
88055.24
-317179.49
-1372936
591541.82
664983.8
249075.99
170680.81
587963.13
4
4
-58598668
-51206895
-12868049
-12488810
-49739813
-75137687
-64252439
-16224094
-16252669
-64737751
15691822
12885420
3198765.1
3302522.3
13220759
-4136717.8
-3523743.3
-887013.52
-894728.11
-3569084.7
4
-1.5131848e+08
-1.4704996e+08
-36793273
-39081559
-1.5596855e+08
-2.1429203e+08
-1.9785497e+08
-49218843
-50935380
-2.0308113e+08
37019930
36081664
9213321.1
9564283.3
37831470
-10840837
-10308656
-2574745.6
-2702839.7
-10758998
4
18046378
-7913645.5
-4029153.2
-3259579
-6049930.6
-3525367.5
-44292926
-15962457
-12323918
-36565044
-10532707
-3056399.9
-1030735.7
-701359.83
-3143235.5
660415.85
-1395845.9
-543763.95
-355797.52
-963828.32
4
-5642782.4
-5998629.2
-2032277.6
-1841977.9
-6268777
-5801584.8
-8824039.8
-3656501.7
-2171902.1
-6949547.1
1027174.7
314841.41
-58568.218
187281.53
815957.98
-360512.73
-405671.69
-152166.1
-103368.81
-355754.99
4
4
21775435
19042636
4785361.5
4639702.7
18478439
27952399
23911698
6037835.1
6043725.7
24073553
-5835387.3
-4793569.8
-1189973
-1227062.8
-4912297.2
1538796.2
1311178.9
330056.7
332621.68
1326840.5
4
56297063
54802268
13712139
14528445
57981986
79808158
73704247
18335163
18968373
75625857
-13787014
-13445669
-3433330
-3560982.5
-14084956
4037408.1
3840857.2
959329.08
1006396.1
4005998.7
4
-6688411.8
2974184.7
1508558
1224210.1
2290589.6
1334125.7
16520912
5951508.8
4596376.6
13645812
3914829.8
1128029.1
381025.04
258806.57
1160719.9
-244353.19
521987.29
203105.45
133012.95
361021.59
4
2096521.7
2232823.2
756662.5
684893.07
2329600.8
2157153.4
3282351.2
1360371
807062.23
2581998.6
-381448.29
-116233.47
22096.061
-69231.528
-301960.64
134020.92
150837.55
56592.709
38386.378
132083.56
4
4
0
0
0
0
0
0
0
0
0
0
0
0
0
0
0
0
0
0
0
0
4
0
0
0
0
0
0
0
0
0
0
0
0
0
0
0
0
0
0
0
0
4
0
0
0
0
0
0
0
0
0
0
0
0
0
0
0
0
0
0
0
0
4
0
0
0
0
0
0
0
0
0
0
0
0
0
0
0
0
0
0
0
0
4
4
0
0
0
0
0
0
0
0
0
0
0
0
0
0
0
0
0
0
0
0
4
0
0
0
0
0
0
0
0
0
0
0
0
0
0
0
0
0
0
0
0
4
0
0
0
0
0
0
0
0
0
0
0
0
0
0
0
0
0
0
0
0
4
0
0
0
0
0
0
0
0
0
0
0
0
0
0
0
0
0
0
0
0
4
4
0
0
0
0
0
0
0
0
0
0
0
0
0
0
0
0
0
0
0
0
4
0
0
0
0
0
0
0
0
0
0
0
0
0
0
0
0
0
0
0
0
4
0
0
0
0
0
0
0
0
0
0
0
0
0
0
0
0
0
0
0
0
4
0
0
0
0
0
0
0
0
0
0
0
0
0
0
0
0
0
0
0
0
4
4
0
0
0
0
0
0
0
0
0
0
0
0
0
0
0
0
0
0
0
0
4
0
0
0
0
0
0
0
0
0
0
0
0
0
0
0
0
0
0
0
0
4
0
0
0
0
0
0
0
0
0
0
0
0
0
0
0
0
0
0
0
0
4
0
0
0
0
0
0
0
0
0
0
0
0
0
0
0
0
0
0
0
0
4
4
0
0
0
0
0
0
0
0
0
0
0
0
0
0
0
0
0
0
0
0
4
0
0
0
0
0
0
0
0
0
0
0
0
0
0
0
0
0
0
0
0
4
0
0
0
0
0
0
0
0
0
0
0
0
0
0
0
0
0
0
0
0
4
0
0
0
0
0
0
0
0
0
0
0
0
0
0
0
0
0
0
0
0
4
4
0
0
0
0
0
0
0
0
0
0
0
0
0
0
0
0
0
0
0
0
4
0
0
0
0
0
0
0
0
0
0
0
0
0
0
0
0
0
0
0
0
4
0
0
0
0
0
0
0
0
0
0
0
0
0
0
0
0
0
0
0
0
4
0
0
0
0
0
0
0
0
0
0
0
0
0
0
0
0
0
0
0
0
4
4
0
0
0
0
0
0
0
0
0
0
0
0
0
0
0
0
0
0
0
0
4
0
0
0
0
0
0
0
0
0
0
0
0
0
0
0
0
0
0
0
0
4
0
0
0
0
0
0
0
0
0
0
0
0
0
0
0
0
0
0
0
0
4
0
0
0
0
0
0
0
0
0
0
0
0
0
0
0
0
0
0
0
0
4
4
0
0
0
0
0
0
0
0
0
0
0
0
0
0
0
0
0
0
0
0
4
0
0
0
0
0
0
0
0
0
0
0
0
0
0
0
0
0
0
0
0
4
0
0
0
0
0
0
0
0
0
0
0
0
0
0
0
0
0
0
0
0
4
0
0
0
0
0
0
0
0
0
0
0
0
0
0
0
0
0
0
0
0
4
4
0
0
0
0
0
0
0
0
0
0
0
0
0
0
0
0
0
0
0
0
4
0
0
0
0
0
0
0
0
0
0
0
0
0
0
0
0
0
0
0
0
4
0
0
0
0
0
0
0
0
0
0
0
0
0
0
0
0
0
0
0
0
4
0
0
0
0
0
0
0
0
0
0
0
0
0
0
0
0
0
0
0
0
4
4
0
0
0
0
0
0
0
0
0
0
0
0
0
0
0
0
0
0
0
0
4
0
0
0
0
0
0
0
0
0
0
0
0
0
0
0
0
0
0
0
0
4
0
0
0
0
0
0
0
0
0
0
0
0
0
0
0
0
0
0
0
0
4
0
0
0
0
0
0
0
0
0
0
0
0
0
0
0
0
0
0
0
0
4
4
0
0
0
0
0
0
0
0
0
0
0
0
0
0
0
0
0
0
0
0
4
0
0
0
0
0
0
0
0
0
0
0
0
0
0
0
0
0
0
0
0
4
0
0
0
0
0
0
0
0
0
0
0
0
0
0
0
0
0
0
0
0
4
0
0
0
0
0
0
0
0
0
0
0
0
0
0
0
0
0
0
0
0
4
4
0
0
0
0
0
0
0
0
0
0
0
0
0
0
0
0
0
0
0
0
4
0
0
0
0
0
0
0
0
0
0
0
0
0
0
0
0
0
0
0
0
4
0
0
0
0
0
0
0
0
0
0
0
0
0
0
0
0
0
0
0
0
4
0
0
0
0
0
0
0
0
0
0
0
0
0
0
0
0
0
0
0
0
4
4
0
0
0
0
0
0
0
0
0
0
0
0
0
0
0
0
0
0
0
0
4
0
0
0
0
0
0
0
0
0
0
0
0
0
0
0
0
0
0
0
0
4
0
0
0
0
0
0
0
0
0
0
0
0
0
0
0
0
0
0
0
0
4
0
0
0
0
0
0
0
0
0
0
0
0
0
0
0
0
0
0
0
0
4
4
0
0
0
0
0
0
0
0
0
0
0
0
0
0
0
0
0
0
0
0
4
0
0
0
0
0
0
0
0
0
0
0
0
0
0
0
0
0
0
0
0
4
0
0
0
0
0
0
0
0
0
0
0
0
0
0
0
0
0
0
0
0
4
0
0
0
0
0
0
0
0
0
0
0
0
0
0
0
0
0
0
0
0
18
4
4
14899030
12541164
3155838.6
3377237.3
13457273
18703292
16589797
4199768.4
4073067.2
16202829
-3737383.9
-3244838.4
-807303.39
-804373.27
-3214229.6
1000876.6
888407.08
224074.83
220930.37
879885.02
4
36323028
36577705
9138365
9271875.2
36974474
54696667
51795439
12835863
12804090
51140463
-9139809.5
-9371902
-2383827.6
-2343221.6
-9293951.7
2691517.1
2659380.8
662362.27
666827.52
2660371.1
4
-3430483.8
3414532.3
1456123.9
1806725.8
5011586.8
927361.28
11990993
4445896.5
3488650.4
10257619
2598070.8
522833.35
163151.82
-5313.0224
221494.75
-139597.8
423261.11
164669.32
132786.2
376361.07
4
1324517.3
1638997.8
628138.31
398328.25
1313034.2
1553643.4
2684073.5
1140163.2
616536.36
1902292.1
-253943.74
-153173.58
-19865.445
-59495.241
-225923.23
90759.22
119326.9
47096.337
28900.42
94029.757
4
4
85035151
72223222
18165783
19352382
77140085
1.0183137e+08
90439942
22893887
22305496
88739959
-20571555
-17953304
-4466579.4
-4482759.9
-17913322
5492473.2
4891741.4
1233485.5
1223584.1
4873505.7
4
2.0064031e+08
2.0294245e+08
50720706
51163216
2.0395247e+08
2.953074e+08
2.8028307e+08
69457818
69241651
2.7654764e+08
-49284393
-50674340
-12893612
-12688260
-50325018
14520469
14380117
3582395.5
3607077.1
14390960
4
-19597682
17798004
7706619.1
9470978.4
26057688
5451905.4
65151538
24118613
18727479
54994335
13908494
2876910.3
914904.69
-11729.476
1253956.3
-720896.93
2279133
884037.7
714859.85
2023769.2
4
7404177.7
8918527
3354442.2
2178415.6
7238337.7
8350447.2
14431296
6144113.3
3344500.9
10329451
-1342864.9
-767836.06
-84195.614
-326347.78
-1237687.8
485393.81
633800.82
250330.53
157423.47
512091.57
4
4
-53055516
-44926035
-11301423
-12060047
-48067808
-64447698
-57224227
-14485850
-14090309
-56055538
12973542
11305632
2812721.4
2816453.4
11254709
-3467290.9
-3085234.6
-778020.46
-770240.97
-3067795.3
4
-1.2632637e+08
-1.2764541e+08
-31898565
-32233928
-1.2850682e+08
-1.873323e+08
-1.7767241e+08
-44029861
-43908418
-1.7536823e+08
31256766
32117496
8171278.2
8039071
31884651
-9210207.2
-9115824.2
-2270784
-2286495.9
-9122167.3
4
12206832
-11419138
-4919504.7
-6079498.9
-16785520
-3360557.4
-41223778
-15270500
-11907462
-34984931
-8850284.5
-1822883.7
-576236.75
11909.277
-779393.47
464053.73
-1445871.7
-561498.83
-454299.13
-1287010
4
-4644843.5
-5641984.2
-2134743.5
-1374279.9
-4555444
-5306202.9
-9168837.9
-3899898.3
-2117793.2
-6539321.5
857390.65
498720.16
57615.232
205614.56
780607.8
-308840.42
-404193.65
-159546.54
-99514.002
-323785.38
4
4
19645125
16625087
4182263.7
4464376.9
17793327
23934610
21250452
5379396.8
5230883
20809941
-4814651.5
-4194304.4
-1043499.7
-1044400.5
-4173481.9
1287016.7
1144963.8
288736.38
285736.43
1138055.3
4
46869450
47347006
11831736
11960435
47683651
69607576
66008448
16357897
16313692
65156213
-11614387
-11932371
-3035754.7
-2986438.6
-11844831
3422312.1
3386786.7
843648.39
849481.35
3389070.1
4
-4519154.2
4252552.7
1830245.1
2263708.7
6253874.3
1241711.2
15310797
5672198.1
4426324.8
13006071
3290413.1
676720.68
213663.18
-4722.65
288543.73
-172926.69
537319.33
208708.93
168851.03
478400.86
4
1722022.7
2095357.4
793781.43
510148.29
1690183
1972251.8
3407884.2
1449283.5
786642.33
2428858
-319003.3
-186203.48
-21748.062
-76306.181
-289735.77
114826.03
150347.69
59342.287
36952.441
120234.05
4
4
0
0
0
0
0
0
0
0
0
0
0
0
0
0
0
0
0
0
0
0
4
0
0
0
0
0
0
0
0
0
0
0
0
0
0
0
0
0
0
0
0
4
0
0
0
0
0
0
0
0
0
0
0
0
0
0
0
0
0
0
0
0
4
0
0
0
0
0
0
0
0
0
0
0
0
0
0
0
0
0
0
0
0
4
4
0
0
0
0
0
0
0
0
0
0
0
0
0
0
0
0
0
0
0
0
4
0
0
0
0
0
0
0
0
0
0
0
0
0
0
0
0
0
0
0
0
4
0
0
0
0
0
0
0
0
0
0
0
0
0
0
0
0
0
0
0
0
4
0
0
0
0
0
0
0
0
0
0
0
0
0
0
0
0
0
0
0
0
4
4
0
0
0
0
0
0
0
0
0
0
0
0
0
0
0
0
0
0
0
0
4
0
0
0
0
0
0
0
0
0
0
0
0
0
0
0
0
0
0
0
0
4
0
0
0
0
0
0
0
0
0
0
0
0
0
0
0
0
0
0
0
0
4
0
0
0
0
0
0
0
0
0
0
0
0
0
0
0
0
0
0
0
0
4
4
0
0
0
0
0
0
0
0
0
0
0
0
0
0
0
0
0
0
0
0
4
0
0
0
0
0
0
0
0
0
0
0
0
0
0
0
0
0
0
0
0
4
0
0
0
0
0
0
0
0
0
0
0
0
0
0
0
0
0
0
0
0
4
0
0
0
0
0
0
0
0
0
0
0
0
0
0
0
0
0
0
0
0
4
4
0
0
0
0
0
0
0
0
0
0
0
0
0
0
0
0
0
0
0
0
4
0
0
0
0
0
0
0
0
0
0
0
0
0
0
0
0
0
0
0
0
4
0
0
0
0
0
0
0
0
0
0
0
0
0
0
0
0
0
0
0
0
4
0
0
0
0
0
0
0
0
0
0
0
0
0
0
0
0
0
0
0
0
4
4
0
0
0
0
0
0
0
0
0
0
0
0
0
0
0
0
0
0
0
0
4
0
0
0
0
0
0
0
0
0
0
0
0
0
0
0
0
0
0
0
0
4
0
0
0
0
0
0
0
0
0
0
0
0
0
0
0
0
0
0
0
0
4
0
0
0
0
0
0
0
0
0
0
0
0
0
0
0
0
0
0
0
0
4
4
0
0
0
0
0
0
0
0
0
0
0
0
0
0
0
0
0
0
0
0
4
0
0
0
0
0
0
0
0
0
0
0
0
0
0
0
0
0
0
0
0
4
0
0
0
0
0
0
0
0
0
0
0
0
0
0
0
0
0
0
0
0
4
0
0
0
0
0
0
0
0
0
0
0
0
0
0
0
0
0
0
0
0
4
4
0
0
0
0
0
0
0
0
0
0
0
0
0
0
0
0
0
0
0
0
4
0
0
0
0
0
0
0
0
0
0
0
0
0
0
0
0
0
0
0
0
4
0
0
0
0
0
0
0
0
0
0
0
0
0
0
0
0
0
0
0
0
4
0
0
0
0
0
0
0
0
0
0
0
0
0
0
0
0
0
0
0
0
4
4
0
0
0
0
0
0
0
0
0
0
0
0
0
0
0
0
0
0
0
0
4
0
0
0
0
0
0
0
0
0
0
0
0
0
0
0
0
0
0
0
0
4
0
0
0
0
0
0
0
0
0
0
0
0
0
0
0
0
0
0
0
0
4
0
0
0
0
0
0
0
0
0
0
0
0
0
0
0
0
0
0
0
0
4
4
0
0
0
0
0
0
0
0
0
0
0
0
0
0
0
0
0
0
0
0
4
0
0
0
0
0
0
0
0
0
0
0
0
0
0
0
0
0
0
0
0
4
0
0
0
0
0
0
0
0
0
0
0
0
0
0
0
0
0
0
0
0
4
0
0
0
0
0
0
0
0
0
0
0
0
0
0
0
0
0
0
0
0
4
4
0
0
0
0
0
0
0
0
0
0
0
0
0
0
0
0
0
0
0
0
4
0
0
0
0
0
0
0
0
0
0
0
0
0
0
0
0
0
0
0
0
4
0
0
0
0
0
0
0
0
0
0
0
0
0
0
0
0
0
0
0
0
4
0
0
0
0
0
0
0
0
0
0
0
0
0
0
0
0
0
0
0
0
4
4
0
0
0
0
0
0
0
0
0
0
0
0
0
0
0
0
0
0
0
0
4
0
0
0
0
0
0
0
0
0
0
0
0
0
0
0
0
0
0
0
0
4
0
0
0
0
0
0
0
0
0
0
0
0
0
0
0
0
0
0
0
0
4
0
0
0
0
0
0
0
0
0
0
0
0
0
0
0
0
0
0
0
0
4
4
0
0
0
0
0
0
0
0
0
0
0
0
0
0
0
0
0
0
0
0
4
0
0
0
0
0
0
0
0
0
0
0
0
0
0
0
0
0
0
0
0
4
0
0
0
0
0
0
0
0
0
0
0
0
0
0
0
0
0
0
0
0
4
0
0
0
0
0
0
0
0
0
0
0
0
0
0
0
0
0
0
0
0
4
4
0
0
0
0
0
0
0
0
0
0
0
0
0
0
0
0
0
0
0
0
4
0
0
0
0
0
0
0
0
0
0
0
0
0
0
0
0
0
0
0
0
4
0
0
0
0
0
0
0
0
0
0
0
0
0
0
0
0
0
0
0
0
4
0
0
0
0
0
0
0
0
0
0
0
0
0
0
0
0
0
0
0
0
18
4
4
15524162
12669420
3192763.1
3323577.9
13265052
20086382
17234532
4360486.1
4277666.4
17032977
-4092227.5
-3372984.6
-838994.25
-820878.44
-3288800.9
1077914.2
921376.13
232506.42
224971.52
897386.9
4
43114058
42590382
10635011
11492931
45649242
60922024
56638104
14064519
14867873
59247843
-11236695
-11313799
-2876934.7
-2981714.5
-11778614
3137186
3069094.2
765130.12
799866.39
3180187.2
4
-3732621.3
4345669.3
1807859.7
1395641.3
3796277
916354.94
12966764
4746089.7
3638725.7
10746799
2791374.3
313654.48
103484.83
68487.181
417527.24
-160510.31
487212.33
186609.8
122691.31
349024.79
4
1420764.7
1748381.9
663469.37
376835.26
1263379.3
1666317.7
2730020.7
1170430.7
633714.06
1971652.2
-275206.64
-149106.62
-17617.011
-46319.04
-202468.4
98818.089
127030.75
51009.575
28094.193
93590.448
4
4
74005344
60423352
15225871
15976400
63762833
96815080
83392797
21093390
20637922
82166401
-19753032
-16409810
-4080629.4
-3992010.1
-15991221
5203768.7
4471531.7
1128003
1093164.4
4360090.4
4
2.068836e+08
2.0300158e+08
50693706
55247293
2.1945202e+08
2.9253472e+08
2.7143937e+08
67417209
71459735
2.8483435e+08
-54097119
-54222489
-13794000
-14410602
-56941899
15094319
14710701
3668366.5
3860811.3
15353539
4
-17324765
20361074
8513901.3
6481033.6
17489035
3950333
61580259
22573956
17074984
50097466
13406124
1624170.2
534915.42
444165.31
2435124.6
-779726.78
2311257.9
887338.26
562807.53
1576540.5
4
6715368
8247928.9
3101016.7
1807608.2
6064061.6
8036292.9
12998799
5521145.5
3113265.7
9688241.4
-1325855.8
-670112.08
-47206.974
-238368.25
-1030561.7
476603.88
602067.18
237940.61
138875.73
463316.67
4
4
-48196789
-39352746
-9916573.7
-10380964
-41431422
-62789567
-54022869
-13665701
-13381856
-53279394
12808352
10616782
2640295
2583336.9
10348795
-3374090.1
-2895074
-730390.81
-707528.27
-2822054.6
4
-1.3441576e+08
-1.3215518e+08
-33000975
-35882298
-1.4252941e+08
-1.8989737e+08
-1.7632708e+08
-43791451
-46368105
-1.8480882e+08
35089362
35225725
8960151.3
9334112.1
36879812
-9793230
-9556711.9
-2382942.2
-2502009.7
-9949327.8
4
11390484
-13249001
-5541143.7
-4242271.8
-11463599
-2647513.3
-40092828
-14692356
-11165818
-32823359
-8704395.1
-1040970.2
-342852.56
-265577.95
-1496861.8
504758.51
-1503937.7
-577156.14
-370658.14
-1043160.5
4
-4385271.6
-5391203.2
-2032150.1
-1175647.5
-3944572.1
-5211753.9
-8463380.4
-3604876
-2008635.1
-6250617.6
859898.65
444305.49
38042.793
151817.78
658386.84
-309044.93
-392572.7
-155902.99
-89433.16
-298258.22
4
4
17872772
14593105
3677362.4
3847611.4
15356215
23266277
20013034
5062613.3
4958279.8
19741368
-4745723.9
-3931824.5
-977825.34
-956738.6
-3832712.2
1250149.3
1072327.6
270540.36
262044.63
1045200.1
4
49822699
49005422
12237265
13298962
52825144
70380258
65359676
16232100
17183764
68488133
-13002702
-13057262
-3321205.3
-3457906.4
-13662224
3629150.7
3542412.7
883276.91
926980.93
3686123.5
4
-4231609.3
4915545.9
2055536.4
1575342.3
4258682.9
987909.98
14869142
5448473.7
4144512.9
12188357
3226109.9
384398.9
126611.88
96670.851
548242.38
-186951.25
557749.05
214018.59
137781.6
388145.5
4
1627081.6
2000689.7
754565.51
435815.62
1462253.1
1931132.5
3138559.7
1337623.1
743425.41
2313428.2
-318632.57
-165385.81
-14675.018
-56029.905
-243150.4
114509.54
145625.79
57891.466
33087.429
110336.91
4
4
0
0
0
0
0
0
0
0
0
0
0
0
0
0
0
0
0
0
0
0
4
0
0
0
0
0
0
0
0
0
0
0
0
0
0
0
0
0
0
0
0
4
0
0
0
0
0
0
0
0
0
0
0
0
0
0
0
0
0
0
0
0
4
0
0
0
0
0
0
0
0
0
0
0
0
0
0
0
0
0
0
0
0
4
4
0
0
0
0
0
0
0
0
0
0
0
0
0
0
0
0
0
0
0
0
4
0
0
0
0
0
0
0
0
0
0
0
0
0
0
0
0
0
0
0
0
4
0
0
0
0
0
0
0
0
0
0
0
0
0
0
0
0
0
0
0
0
4
0
0
0
0
0
0
0
0
0
0
0
0
0
0
0
0
0
0
0
0
4
4
0
0
0
0
0
0
0
0
0
0
0
0
0
0
0
0
0
0
0
0
4
0
0
0
0
0
0
0
0
0
0
0
0
0
0
0
0
0
0
0
0
4
0
0
0
0
0
0
0
0
0
0
0
0
0
0
0
0
0
0
0
0
4
0
0
0
0
0
0
0
0
0
0
0
0
0
0
0
0
0
0
0
0
4
4
0
0
0
0
0
0
0
0
0
0
0
0
0
0
0
0
0
0
0
0
4
0
0
0
0
0
0
0
0
0
0
0
0
0
0
0
0
0
0
0
0
4
0
0
0
0
0
0
0
0
0
0
0
0
0
0
0
0
0
0
0
0
4
0
0
0
0
0
0
0
0
0
0
0
0
0
0
0
0
0
0
0
0
4
4
0
0
0
0
0
0
0
0
0
0
0
0
0
0
0
0
0
0
0
0
4
0
0
0
0
0
0
0
0
0
0
0
0
0
0
0
0
0
0
0
0
4
0
0
0
0
0
0
0
0
0
0
0
0
0
0
0
0
0
0
0
0
4
0
0
0
0
0
0
0
0
0
0
0
0
0
0
0
0
0
0
0
0
4
4
0
0
0
0
0
0
0
0
0
0
0
0
0
0
0
0
0
0
0
0
4
0
0
0
0
0
0
0
0
0
0
0
0
0
0
0
0
0
0
0
0
4
0
0
0
0
0
0
0
0
0
0
0
0
0
0
0
0
0
0
0
0
4
0
0
0
0
0
0
0
0
0
0
0
0
0
0
0
0
0
0
0
0
4
4
0
0
0
0
0
0
0
0
0
0
0
0
0
0
0
0
0
0
0
0
4
0
0
0
0
0
0
0
0
0
0
0
0
0
0
0
0
0
0
0
0
4
0
0
0
0
0
0
0
0
0
0
0
0
0
0
0
0
0
0
0
0
4
0
0
0
0
0
0
0
0
0
0
0
0
0
0
0
0
0
0
0
0
4
4
0
0
0
0
0
0
0
0
0
0
0
0
0
0
0
0
0
0
0
0
4
0
0
0
0
0
0
0
0
0
0
0
0
0
0
0
0
0
0
0
0
4
0
0
0
0
0
0
0
0
0
0
0
0
0
0
0
0
0
0
0
0
4
0
0
0
0
0
0
0
0
0
0
0
0
0
0
0
0
0
0
0
0
4
4
0
0
0
0
0
0
0
0
0
0
0
0
0
0
0
0
0
0
0
0
4
0
0
0
0
0
0
0
0
0
0
0
0
0
0
0
0
0
0
0
0
4
0
0
0
0
0
0
0
0
0
0
0
0
0
0
0
0
0
0
0
0
4
0
0
0
0
0
0
0
0
0
0
0
0
0
0
0
0
0
0
0
0
4
4
0
0
0
0
0
0
0
0
0
0
0
0
0
0
0
0
0
0
0
0
4
0
0
0
0
0
0
0
0
0
0
0
0
0
0
0
0
0
0
0
0
4
0
0
0
0
0
0
0
0
0
0
0
0
0
0
0
0
0
0
0
0
4
0
0
0
0
0
0
0
0
0
0
0
0
0
0
0
0
0
0
0
0
4
4
0
0
0
0
0
0
0
0
0
0
0
0
0
0
0
0
0
0
0
0
4
0
0
0
0
0
0
0
0
0
0
0
0
0
0
0
0
0
0
0
0
4
0
0
0
0
0
0
0
0
0
0
0
0
0
0
0
0
0
0
0
0
4
0
0
0
0
0
0
0
0
0
0
0
0
0
0
0
0
0
0
0
0
4
4
0
0
0
0
0
0
0
0
0
0
0
0
0
0
0
0
0
0
0
0
4
0
0
0
0
0
0
0
0
0
0
0
0
0
0
0
0
0
0
0
0
4
0
0
0
0
0
0
0
0
0
0
0
0
0
0
0
0
0
0
0
0
4
0
0
0
0
0
0
0
0
0
0
0
0
0
0
0
0
0
0
0
0
4
4
0
0
0
0
0
0
0
0
0
0
0
0
0
0
0
0
0
0
0
0
4
0
0
0
0
0
0
0
0
0
0
0
0
0
0
0
0
0
0
0
0
4
0
0
0
0
0
0
0
0
0
0
0
0
0
0
0
0
0
0
0
0
4
0
0
0
0
0
0
0
0
0
0
0
0
0
0
0
0
0
0
0
0
4
4
0
0
0
0
0
0
0
0
0
0
0
0
0
0
0
0
0
0
0
0
4
0
0
0
0
0
0
0
0
0
0
0
0
0
0
0
0
0
0
0
0
4
0
0
0
0
0
0
0
0
0
0
0
0
0
0
0
0
0
0
0
0
4
0
0
0
0
0
0
0
0
0
0
0
0
0
0
0
0
0
0
0
0
15
0
0
0
0
0
0
0
0
0
0
0
0
0
0
0
0
0
0
0
0
0
0
0
0
0
0
0
0
0
0
0
0
0
0
0
0
0
0
0
0
0
0
0
0
0
0
0
0
0
0
0
0
0
0
0
0
0
0
0
0
0
0
0
0
0
0
0
0
0
0
0
0
0
0
0
15
0
0
0
0
0
0
0
0
0
0
0
0
0
0
0
0
0
0
0
0
0
0
0
0
0
0
0
0
0
0
0
0
0
0
0
0
0
0
0
0
0
0
0
0
0
0
0
0
0
0
0
0
0
0
0
0
0
0
0
0
0
0
0
0
0
0
0
0
0
0
0
0
0
0
0
15
0
0
0
0
0
0
0
0
0
0
0
0
0
0
0
0
0
0
0
0
0
0
0
0
0
0
0
0
0
0
0
0
0
0
0
0
0
0
0
0
0
0
0
0
0
0
0
0
0
0
0
0
0
0
0
0
0
0
0
0
0
0
0
0
0
0
0
0
0
0
0
0
0
0
0
1234567890
1234567890
